ID,cog_num_1,cog_num_2,cog_num_3,cog_num_4,cog_num_5,cog_num_6,cog_ver_1,cog_ver_2,cog_ver_3,cog_ver_4,cog_ver_5,cog_ver_6,cog_abs_1,cog_abs_2,cog_abs_3,cog_abs_4,cog_abs_5,cog_abs_6,fdt_achiev,fdt_activ,fdt_altr,fdt_anger,fdt_anxie,fdt_assert,fdt_compet,fdt_compl,fdt_delib,fdt_depr,fdt_dutif,fdt_entit,fdt_excite,fdt_fant,fdt_gregar,fdt_impul,fdt_indiff,fdt_modest,fdt_order,fdt_self-ass,fdt_self-dis,fdt_shame,fdt_straight,fdt_tender,fdt_trust,fdt_vulner,fdt_warm
participant1,10,1,3,7,7,7,2,9,4,7,1,5,6,6,5,9,1,5,5,1,1,1,3,4,3,5,1,2,4,1,4,4,1,5,2,3,5,1,3,3,5,3,1,4,5
participant2,5,7,1,6,10,3,9,2,5,9,1,8,7,8,1,5,2,1,4,3,4,2,5,1,1,2,2,5,4,5,2,2,2,4,4,5,3,2,1,4,4,3,5,1,2
participant3,3,7,10,9,3,3,8,7,7,10,3,1,9,2,10,2,2,2,1,5,3,3,2,1,3,4,2,3,3,3,2,1,5,4,2,5,4,2,2,2,3,1,5,5,1
participant4,8,2,10,2,4,4,8,3,9,3,10,7,6,10,4,5,3,4,2,5,4,5,5,4,2,2,1,1,2,5,2,1,1,4,5,3,4,4,3,5,3,5,1,5,2
participant5,9,4,8,10,8,1,9,7,6,8,8,6,9,1,9,2,1,4,2,5,3,1,3,3,1,2,3,2,5,3,1,3,3,5,2,5,1,5,4,1,2,4,5,3,2
participant6,7,8,9,6,1,7,3,1,10,9,5,7,5,7,4,1,5,5,3,1,5,5,2,2,1,4,1,1,4,3,5,2,1,5,4,4,5,1,5,3,3,3,1,1,3
participant7,9,2,9,3,10,3,3,5,2,2,9,4,8,10,4,3,10,7,5,4,5,5,2,1,3,5,5,5,4,4,5,4,3,1,5,4,3,2,4,5,2,3,1,2,1
participant8,10,1,3,9,9,1,8,9,6,1,5,8,10,4,1,6,3,6,5,4,4,4,5,1,5,4,1,2,3,4,1,2,4,5,3,1,1,4,3,3,4,2,4,4,5
participant9,9,2,2,7,8,1,2,9,10,2,1,8,1,6,2,2,2,5,2,5,4,4,3,4,4,5,3,5,4,5,3,5,5,5,4,4,5,3,1,3,5,1,5,1,1
participant10,3,9,5,1,9,8,10,7,6,8,10,5,1,8,8,1,2,1,2,2,2,5,3,2,2,4,3,4,2,3,5,4,3,4,1,2,3,2,5,2,2,2,4,2,5
participant11,5,5,7,8,10,1,4,5,1,3,7,2,1,1,5,1,5,3,5,1,5,5,1,3,2,1,1,5,1,4,4,5,5,4,3,5,2,2,3,2,1,4,3,2,2
participant12,6,3,6,9,6,1,4,2,6,7,10,3,10,6,4,5,2,5,5,3,2,5,3,1,1,5,4,3,1,1,5,2,3,5,2,1,5,3,5,3,4,4,1,1,3
participant13,1,6,5,10,8,1,9,10,6,1,7,6,9,9,7,5,8,1,2,2,1,3,1,3,5,1,2,4,5,4,2,2,4,5,5,1,3,3,4,2,2,2,4,4,3
participant14,1,2,9,3,6,9,4,3,10,4,4,4,6,8,7,9,9,5,4,3,1,4,5,2,5,4,4,3,3,4,2,3,3,4,2,1,4,1,4,3,1,1,1,4,1
participant15,2,6,10,2,10,6,7,10,10,3,1,6,9,5,7,6,5,5,4,2,3,1,1,4,4,5,1,5,1,2,2,1,2,4,3,1,5,2,4,4,2,1,4,3,4
participant16,3,8,4,3,2,1,8,6,10,5,9,9,7,2,10,6,7,7,4,4,4,4,4,4,2,3,4,3,2,4,2,2,5,4,4,3,2,1,5,3,2,1,5,2,3
participant17,3,9,1,10,7,5,7,3,8,4,8,1,5,7,5,6,5,7,3,4,1,2,1,3,1,3,1,5,3,4,2,3,4,4,1,4,5,1,4,2,5,1,5,2,2
participant18,8,1,7,8,1,6,5,4,6,10,8,5,2,6,5,10,4,4,1,5,3,4,5,1,4,4,2,3,1,2,5,2,1,2,5,4,1,4,2,5,1,1,1,3,4
participant19,5,7,2,1,2,10,4,2,3,2,10,6,9,2,2,9,6,1,4,1,3,3,3,2,5,2,4,5,4,4,1,5,2,3,2,5,5,1,4,5,5,5,1,2,3
participant20,6,4,1,8,1,6,9,8,4,9,2,4,9,8,4,1,2,4,1,1,5,5,1,2,4,3,4,1,2,5,1,2,3,2,1,3,1,2,4,3,2,5,4,3,5
participant21,7,10,10,4,6,10,3,2,9,5,7,4,10,2,10,6,1,4,3,1,2,3,5,1,2,2,5,5,1,4,1,2,2,4,4,3,4,5,3,1,1,5,4,1,5
participant22,10,4,9,7,8,3,8,8,6,1,9,10,6,8,5,8,4,1,5,2,4,5,3,1,2,4,1,5,4,3,5,1,4,2,2,5,1,1,2,2,3,4,3,2,2
participant23,3,9,3,2,3,1,5,1,7,10,4,7,3,3,7,2,5,9,1,1,5,4,5,5,3,3,5,4,2,1,2,2,4,2,5,2,5,2,4,4,4,4,3,5,3
participant24,7,1,9,10,6,8,5,10,5,7,10,1,5,2,1,9,7,9,4,5,2,3,4,3,4,2,5,5,4,3,2,1,4,3,5,4,3,3,4,2,5,1,1,4,2
participant25,8,2,2,4,6,8,5,1,4,7,9,2,10,8,2,6,4,7,3,1,5,2,3,1,3,3,3,4,5,1,3,2,1,5,2,4,1,3,3,4,4,5,2,3,4
participant26,3,7,1,5,10,9,2,2,2,10,2,9,2,4,1,4,7,6,3,4,1,1,4,1,4,5,5,2,1,3,3,3,4,1,1,5,5,3,5,2,5,4,4,2,1
participant27,6,8,5,8,1,6,3,5,3,8,7,4,4,6,9,4,8,6,4,1,5,4,1,3,2,1,3,2,4,1,1,1,3,3,4,2,3,4,3,1,2,4,3,1,4
participant28,9,7,3,7,2,1,10,4,1,10,1,7,3,8,4,8,1,7,2,2,3,4,1,1,1,3,2,2,2,1,5,1,2,1,2,2,5,1,5,4,1,2,5,2,1
participant29,7,7,1,8,10,4,1,2,10,4,3,5,10,6,7,6,7,10,3,1,4,2,1,4,5,2,5,4,4,5,2,5,3,1,2,3,2,5,2,5,3,1,4,2,5
participant30,4,2,5,4,7,7,6,4,1,1,10,9,4,5,1,8,9,8,5,1,2,2,5,3,5,5,2,5,5,5,1,5,3,3,3,4,4,1,1,1,4,3,3,2,5
participant31,8,3,10,1,10,3,9,1,4,9,8,2,1,7,1,2,3,2,2,3,1,3,3,2,2,1,3,5,3,1,1,2,3,1,4,2,4,5,2,3,2,3,1,1,2
participant32,8,3,7,8,3,3,2,2,1,8,4,6,3,6,1,1,4,3,4,3,5,5,4,4,4,3,4,2,5,2,5,1,5,4,5,4,2,2,2,2,4,3,4,4,2
participant33,6,2,10,2,2,1,1,7,9,10,7,9,3,2,8,10,5,2,2,5,5,1,3,3,1,3,3,3,5,2,2,5,5,2,1,1,2,5,5,2,3,3,3,5,1
participant34,5,9,7,9,3,8,6,9,4,9,6,4,6,6,2,10,6,1,3,3,4,3,1,4,3,1,2,2,3,4,2,4,4,4,4,5,4,1,1,4,2,2,4,5,5
participant35,7,2,1,4,2,3,6,8,3,10,10,2,3,4,1,8,1,9,5,3,1,3,3,1,3,4,2,5,4,2,4,4,4,4,4,4,2,1,3,2,1,4,4,2,3
participant36,4,5,10,10,3,3,5,10,5,2,2,8,4,8,8,6,10,10,1,5,1,2,5,2,1,5,4,3,2,2,4,5,4,1,4,1,2,1,2,5,3,2,1,5,4
participant37,8,2,6,5,6,2,4,1,4,5,2,5,3,10,5,1,9,7,1,2,3,3,5,4,5,2,3,5,1,3,1,5,2,2,4,1,5,4,1,4,4,3,5,2,3
participant38,3,9,10,7,9,5,1,3,7,9,10,7,6,6,8,7,7,10,2,3,4,2,3,5,4,3,2,4,4,3,1,1,2,3,3,5,5,4,1,5,2,4,1,2,1
participant39,9,1,3,2,7,5,3,4,10,2,2,7,6,8,7,4,9,1,1,5,5,5,3,3,3,2,5,4,1,1,3,5,1,5,3,5,2,3,4,5,1,2,3,2,1
participant40,10,5,4,1,9,9,2,6,2,3,7,4,5,8,5,9,10,1,5,5,2,2,5,4,1,3,4,3,5,3,3,4,5,2,2,1,5,5,5,4,4,1,1,5,2
participant41,3,3,6,10,7,7,10,6,4,9,1,8,3,8,4,6,9,9,1,2,5,5,5,2,3,2,1,4,5,2,3,2,2,1,5,1,3,4,4,3,2,5,3,3,4
participant42,8,7,5,9,9,2,6,7,4,5,8,10,2,6,7,6,3,6,4,2,3,1,2,2,2,5,3,2,3,1,2,4,4,2,5,4,3,1,3,4,3,5,1,4,4
participant43,7,9,7,9,4,4,4,1,2,5,3,6,10,8,6,2,6,9,1,2,2,3,2,3,4,5,4,1,5,1,3,1,5,3,1,2,3,4,4,2,3,4,4,1,4
participant44,6,7,6,5,10,10,5,8,4,3,8,1,5,9,2,4,6,8,3,4,1,5,3,1,1,5,4,1,5,5,3,1,2,1,3,1,5,4,5,1,1,3,1,3,5
participant45,7,2,9,7,5,10,7,1,3,4,5,7,7,4,8,1,8,8,1,5,3,1,4,1,4,4,5,2,5,4,5,4,2,4,1,2,4,2,2,1,4,1,3,2,1
participant46,3,1,4,7,3,9,7,4,2,2,10,8,8,1,8,1,7,7,3,3,3,5,1,4,5,2,4,4,3,2,1,1,3,4,1,1,2,4,4,4,3,2,5,5,1
participant47,8,7,6,6,5,8,7,10,2,4,5,10,10,8,2,10,4,7,1,4,4,2,3,3,1,2,4,1,5,3,5,2,1,3,4,1,1,4,5,2,4,4,3,3,2
participant48,4,6,1,4,10,3,1,6,7,10,10,9,2,7,1,7,7,1,5,5,2,2,5,1,5,5,1,3,5,3,2,1,4,3,2,4,2,3,4,2,2,4,1,2,2
participant49,10,7,2,6,1,5,10,7,8,1,5,3,3,7,9,5,7,7,5,2,1,2,5,2,2,2,4,5,1,5,1,2,3,4,4,3,5,3,5,4,4,4,4,2,3
participant50,7,4,8,8,7,10,6,9,1,9,6,5,7,2,7,3,2,6,5,3,1,3,3,1,3,2,5,5,1,2,3,1,5,2,2,4,1,3,2,5,1,3,1,4,5
participant51,5,5,7,4,6,1,6,6,9,8,7,9,2,1,4,1,8,1,4,4,1,1,4,5,3,4,1,2,2,1,3,2,3,5,2,4,4,2,2,2,2,2,4,3,4
participant52,2,6,5,6,6,8,4,8,3,7,8,4,4,9,1,7,4,4,2,2,1,5,4,5,5,4,4,3,1,3,2,5,1,1,2,3,2,4,3,3,4,3,5,4,4
participant53,10,5,3,3,3,3,2,3,3,2,7,6,10,2,2,10,8,10,5,3,3,3,1,1,1,4,4,4,2,2,3,5,4,4,3,4,4,3,1,3,5,1,4,1,2
participant54,5,5,7,2,9,2,2,7,4,6,4,3,6,5,5,6,5,10,4,4,3,1,3,4,4,4,3,3,5,3,2,2,4,4,1,2,2,1,3,4,2,4,2,3,5
participant55,9,2,9,7,2,7,1,4,7,8,7,3,1,8,4,6,1,2,5,2,5,3,1,3,3,4,3,3,4,4,3,3,2,4,5,3,3,5,2,4,2,1,4,2,1
participant56,9,4,7,10,1,6,6,3,10,1,6,1,2,3,5,6,9,3,1,4,2,3,4,5,2,5,1,3,2,5,5,4,4,3,4,4,5,1,3,5,4,2,2,3,4
participant57,8,7,6,2,2,6,8,3,4,1,8,3,1,8,1,2,8,3,3,4,5,1,4,5,2,4,4,1,2,5,3,2,5,3,2,1,2,2,3,5,3,1,1,1,3
participant58,4,8,8,7,6,7,9,7,6,10,3,8,8,9,10,6,9,8,2,5,1,1,3,2,5,1,2,4,2,4,5,5,4,4,5,5,4,2,2,5,3,5,2,4,2
participant59,6,9,10,9,6,10,5,4,8,4,10,7,4,2,8,10,8,3,4,4,4,2,4,4,3,1,4,2,2,4,1,1,1,1,3,5,1,4,3,1,5,4,1,2,5
participant60,5,7,5,4,2,2,9,6,8,5,10,10,10,3,8,5,10,8,5,5,2,2,1,2,4,2,2,5,2,1,5,2,1,1,4,4,4,1,5,5,4,1,3,5,1
participant61,10,9,7,2,2,5,3,7,9,9,1,9,9,1,10,10,2,7,2,2,2,3,4,4,4,3,2,2,5,4,2,3,4,1,1,3,1,3,2,5,4,5,2,1,3
participant62,5,1,4,8,6,3,3,3,9,3,5,10,10,9,1,8,8,1,1,2,2,5,5,4,2,2,5,2,5,5,2,2,5,4,2,3,2,1,3,1,4,1,4,5,1
participant63,6,7,5,1,2,3,10,9,4,3,1,4,6,9,8,7,2,8,4,2,2,1,5,4,5,5,1,1,3,3,3,1,3,1,1,1,3,3,5,1,3,1,3,2,2
participant64,1,5,10,3,6,9,3,4,3,6,5,5,1,2,9,1,3,2,2,1,4,5,4,1,1,4,1,2,5,2,5,3,3,4,3,1,1,3,1,3,4,4,2,1,4
participant65,5,10,1,3,2,5,2,8,3,4,3,10,7,10,2,10,3,1,2,5,2,2,4,4,5,4,1,5,3,5,2,5,4,3,5,1,4,3,4,4,2,5,3,1,4
participant66,9,1,10,5,3,7,3,5,6,10,9,2,5,1,9,5,10,8,1,2,1,2,1,5,3,2,5,5,1,4,2,2,1,2,4,2,1,1,1,4,2,3,3,2,4
participant67,4,6,7,1,6,5,7,9,6,2,3,9,4,6,3,1,8,8,1,1,2,4,5,5,4,5,3,4,1,2,3,5,1,1,4,1,2,2,2,1,5,3,5,3,1
participant68,8,6,8,9,8,6,9,8,6,7,2,9,8,6,1,1,9,7,5,1,1,5,4,3,3,1,5,3,1,1,5,1,3,5,5,5,2,1,5,1,1,3,1,4,2
participant69,5,3,9,1,2,10,1,9,7,5,10,5,10,3,8,1,9,1,5,1,5,4,1,1,4,5,5,2,4,5,4,1,2,5,5,2,5,5,1,2,3,2,3,4,3
participant70,8,4,1,5,9,5,2,2,2,7,9,10,4,1,8,10,3,7,2,4,1,3,3,4,1,4,4,2,5,2,4,2,5,5,2,5,3,5,4,1,4,2,1,1,3
participant71,6,10,8,5,10,1,8,3,8,1,4,1,4,1,1,3,7,1,1,1,2,2,5,1,2,2,1,2,1,4,4,2,5,5,3,5,2,5,3,3,3,1,3,4,2
participant72,10,8,5,10,8,1,6,3,4,1,1,7,1,3,10,1,3,6,5,1,5,5,3,3,4,2,5,4,4,3,4,2,4,5,3,1,5,5,4,4,1,2,1,2,3
participant73,9,5,10,1,6,5,8,2,6,7,1,2,8,10,4,5,1,2,3,5,3,3,2,2,5,3,5,4,2,1,2,4,3,3,4,5,5,3,4,5,3,1,5,1,2
participant74,8,8,6,9,6,10,9,4,5,6,7,2,4,4,2,6,2,6,2,3,3,1,1,3,5,2,1,3,2,1,5,5,3,2,5,2,4,2,4,4,1,3,4,4,3
participant75,3,8,7,6,10,5,10,8,5,4,2,6,3,4,9,9,7,9,1,2,1,2,3,4,3,1,2,2,1,1,4,5,1,5,4,2,1,2,4,1,3,1,2,3,5
participant76,7,5,8,5,8,9,4,1,1,1,10,8,9,6,5,5,2,6,2,5,4,4,3,5,5,5,2,4,5,1,4,1,1,4,1,5,1,1,2,3,1,4,1,1,2
participant77,1,3,10,2,9,5,9,7,10,10,9,4,7,2,8,2,2,8,2,1,1,3,4,5,2,4,2,2,2,1,4,3,2,1,1,1,1,5,2,3,1,3,5,1,4
participant78,2,5,7,8,1,5,5,3,5,8,8,7,3,1,4,6,7,2,1,5,4,4,1,3,4,3,5,3,1,5,3,5,2,5,5,4,3,2,1,5,3,4,2,5,2
participant79,3,3,9,9,2,4,5,10,1,5,6,9,4,7,2,3,6,10,1,3,2,3,3,4,1,2,5,2,2,1,3,5,3,5,3,2,2,4,2,5,1,2,4,4,1
participant80,7,9,1,10,9,3,2,7,6,8,8,3,10,10,1,7,8,6,4,1,2,1,4,1,4,4,3,2,3,1,4,4,4,1,4,4,1,4,4,5,2,3,5,3,2
participant81,9,8,2,5,6,4,7,7,10,10,1,6,7,6,4,2,5,6,1,4,2,5,5,4,4,5,3,5,4,2,5,4,3,2,5,5,4,2,1,4,3,3,5,4,3
participant82,7,10,9,10,5,2,5,2,9,8,9,10,9,9,7,2,7,6,1,2,3,1,2,1,2,4,3,2,1,5,2,3,5,2,2,5,1,1,3,1,4,4,2,3,2
participant83,5,7,7,5,4,1,8,1,8,6,2,8,8,8,7,8,9,9,5,5,3,1,4,4,2,4,4,5,5,5,1,5,1,5,2,3,2,5,2,4,5,4,4,1,4
participant84,4,5,6,4,4,1,2,3,4,7,6,4,2,4,10,6,9,2,4,4,1,2,5,3,2,1,3,1,4,3,3,1,1,4,5,5,1,1,1,1,2,5,5,5,3
participant85,9,6,9,4,1,8,10,7,2,9,9,10,7,7,2,8,4,4,4,5,5,3,1,3,2,5,2,1,1,3,1,5,5,2,3,4,3,2,5,1,2,2,4,4,4
participant86,1,9,1,7,9,4,10,7,2,5,3,7,6,9,8,10,9,10,1,5,2,1,2,2,4,4,3,1,1,2,4,3,1,5,1,4,3,2,4,2,4,3,5,1,4
participant87,5,7,9,8,6,4,10,10,8,5,8,6,1,6,5,8,5,7,1,4,5,1,2,4,2,1,2,1,5,1,3,2,5,2,5,4,1,5,5,1,4,3,1,4,2
participant88,5,8,7,7,7,5,6,3,5,1,9,5,5,6,7,10,8,7,1,1,2,3,5,3,2,1,3,3,2,1,1,1,1,3,1,4,5,4,5,3,3,4,5,3,3
participant89,8,7,7,4,4,7,4,3,9,5,10,3,6,7,1,7,1,6,5,2,5,4,4,1,2,1,5,3,3,3,5,5,5,1,4,2,2,4,3,5,1,4,1,2,4
participant90,10,10,6,6,10,6,1,3,6,7,9,1,10,9,9,9,1,2,2,3,3,2,2,1,4,5,3,2,4,3,1,2,3,1,5,2,2,5,2,3,4,1,2,1,3
participant91,1,6,7,9,4,5,8,4,8,10,7,7,6,5,7,6,4,9,1,1,1,3,5,2,5,5,3,5,5,3,2,1,3,5,4,2,3,5,3,1,5,1,5,3,4
participant92,6,10,7,5,10,4,5,2,8,3,9,7,1,1,9,2,3,10,2,4,3,4,2,2,3,2,1,1,3,4,5,3,3,1,5,4,5,4,3,4,2,4,1,4,4
participant93,2,5,6,10,4,8,1,10,9,9,4,10,3,2,1,10,9,7,5,3,4,2,4,3,5,5,2,3,3,2,4,3,5,3,5,1,3,5,5,4,4,5,3,2,2
participant94,2,2,7,5,9,5,9,6,6,10,4,4,1,10,1,3,7,3,4,4,4,1,4,4,1,1,3,3,4,5,5,4,1,2,3,1,3,4,5,5,1,3,2,2,4
participant95,8,3,10,9,1,6,9,9,7,8,6,6,10,1,2,7,10,6,3,1,3,3,2,1,5,4,3,3,2,2,5,2,1,1,4,4,3,2,3,3,4,3,3,2,4
participant96,4,3,3,7,4,8,6,1,4,2,1,1,8,2,6,2,3,2,5,3,5,2,5,4,5,4,1,2,2,5,1,2,1,5,1,5,4,3,1,4,2,3,1,3,2
participant97,6,9,3,7,9,3,6,2,9,9,2,5,2,7,10,2,2,2,2,1,3,4,4,5,4,4,4,3,1,1,3,4,5,5,4,3,5,4,4,3,1,1,3,3,5
participant98,8,2,9,3,4,3,8,1,4,4,3,7,5,3,6,10,7,8,4,4,5,4,2,2,3,3,4,2,1,3,3,2,2,3,5,2,1,3,5,1,4,2,1,4,4
participant99,6,8,1,6,5,10,3,2,3,10,4,4,1,1,10,3,3,4,5,5,5,2,4,3,2,4,2,4,4,5,5,2,5,2,4,5,2,4,4,3,2,1,1,5,4
participant100,6,8,3,3,6,4,3,2,1,9,4,4,10,2,1,1,3,4,2,2,5,2,2,4,4,5,2,3,3,4,4,2,3,4,4,1,4,2,1,3,3,4,5,5,4
participant101,9,8,10,1,3,5,7,2,3,7,2,2,9,3,10,3,2,5,1,4,2,1,1,1,3,4,1,2,5,2,1,1,3,3,1,3,2,5,1,5,2,5,2,4,5
participant102,6,1,3,7,7,4,3,10,10,8,10,5,6,4,5,2,7,6,2,3,5,5,5,5,5,4,5,3,5,5,3,4,5,2,5,5,1,1,1,1,4,4,3,2,5
participant103,6,7,3,9,6,2,9,2,2,1,9,4,1,10,8,10,8,3,4,2,4,4,4,5,3,3,2,3,5,1,5,4,3,3,4,4,5,4,2,1,5,1,2,3,5
participant104,4,5,8,7,1,5,7,6,5,9,7,9,3,2,1,9,5,3,1,5,3,2,1,3,1,3,1,1,5,4,3,1,2,5,4,2,2,2,5,2,4,2,2,2,4
participant105,6,7,5,6,9,1,7,7,8,5,1,5,6,8,10,2,10,10,1,4,3,5,3,3,3,1,5,5,2,3,3,3,4,5,1,2,2,4,1,1,3,4,2,4,1
participant106,7,7,7,7,5,2,2,3,5,4,5,9,1,10,3,4,6,3,3,4,1,2,3,3,1,2,4,4,4,1,3,4,1,5,3,2,2,3,4,5,1,4,3,1,2
participant107,4,3,2,1,9,3,9,2,9,10,6,3,2,1,5,2,9,7,2,5,5,4,2,2,4,4,4,3,2,1,2,3,5,2,3,1,2,1,5,3,1,5,5,2,3
participant108,4,10,9,4,1,6,4,10,10,7,3,5,7,7,4,8,5,2,5,5,4,5,4,5,5,1,2,3,4,3,5,5,1,4,5,5,1,1,2,4,2,5,1,5,3
participant109,2,10,8,5,3,4,1,1,3,10,7,3,5,7,3,9,9,9,2,1,5,1,5,2,4,3,2,3,2,4,5,2,3,4,3,3,1,3,4,2,2,3,1,3,3
participant110,7,9,5,10,1,7,3,9,5,4,10,7,9,10,5,10,10,1,1,1,3,2,3,1,4,2,5,3,2,3,2,2,2,1,1,2,2,1,1,3,4,5,5,3,1
participant111,2,1,7,7,8,6,10,4,9,3,6,6,7,8,1,5,4,1,2,3,3,5,4,4,3,5,3,5,2,4,1,2,3,3,1,1,1,4,5,3,1,3,1,2,1
participant112,5,6,10,2,5,7,3,4,9,4,5,10,3,1,9,10,4,4,1,2,3,2,1,5,3,2,5,2,3,3,5,3,4,1,2,3,5,1,5,4,5,1,3,3,3
participant113,2,2,7,6,1,7,2,10,3,3,7,1,5,10,8,5,10,2,3,3,5,1,5,5,5,3,2,3,4,2,1,5,5,4,5,4,5,3,3,1,1,1,4,1,4
participant114,4,2,4,4,8,9,6,8,5,9,3,9,5,1,8,1,9,2,4,3,5,1,4,4,2,3,1,5,5,1,2,1,2,1,2,4,2,3,3,2,4,2,1,3,5
participant115,4,3,3,4,5,1,3,3,4,5,9,10,5,3,4,1,7,4,5,5,5,3,4,4,5,3,3,4,1,3,4,4,3,3,4,4,3,2,5,4,3,3,3,1,5
participant116,1,7,5,7,8,2,6,8,9,10,10,7,4,6,5,1,2,2,3,1,1,2,4,2,4,4,1,1,1,2,5,2,3,5,1,5,4,5,1,1,5,5,4,3,2
participant117,1,5,8,10,10,4,4,6,6,6,1,5,3,10,10,10,2,10,2,2,4,3,2,2,4,3,5,2,3,4,4,2,3,4,3,5,4,4,2,2,4,4,3,2,2
participant118,5,3,8,7,5,10,1,5,8,3,6,10,5,6,4,3,2,3,3,5,3,5,5,3,5,4,1,1,4,1,4,3,2,5,2,2,5,5,2,4,4,2,5,3,3
participant119,10,9,6,7,7,5,5,6,4,10,1,6,7,2,8,5,9,8,3,3,2,5,2,1,3,1,1,1,3,3,4,4,4,1,3,4,2,1,1,2,4,4,5,3,2
participant120,10,5,5,10,8,10,4,2,5,5,4,10,7,1,2,1,9,10,3,5,3,2,3,1,2,5,3,4,5,1,3,5,4,2,5,4,1,4,3,5,5,1,3,4,2
participant121,2,5,3,10,4,4,2,9,7,6,3,1,1,10,7,8,10,4,3,1,3,3,3,2,1,2,4,5,1,1,4,3,5,5,3,4,1,1,1,3,5,5,3,1,3
participant122,10,7,2,10,2,1,7,8,5,10,5,4,8,4,6,9,4,1,5,4,1,5,1,3,2,1,1,1,1,5,2,2,1,2,3,4,3,1,5,2,3,2,4,3,5
participant123,4,6,3,2,6,8,4,6,8,2,6,10,7,9,3,7,4,5,5,2,4,5,2,1,1,4,4,4,2,4,4,1,2,2,1,1,3,2,3,5,2,1,1,3,5
participant124,10,6,6,8,2,9,10,1,3,2,7,5,5,1,2,1,7,5,2,5,5,5,2,4,2,3,5,1,5,2,5,5,4,1,2,5,3,3,1,5,3,1,5,3,2
participant125,10,5,4,2,10,3,4,10,7,3,1,1,3,10,10,9,3,3,1,3,4,4,5,2,4,5,2,1,1,2,3,5,1,3,3,1,2,4,1,4,5,2,1,5,5
participant126,5,10,6,7,8,6,1,10,1,3,2,10,4,9,1,6,2,8,1,5,2,3,3,3,3,2,5,5,2,2,3,4,1,2,5,1,2,2,1,2,2,5,2,5,2
participant127,8,10,1,6,3,3,9,2,9,10,2,4,6,3,8,4,2,9,3,1,1,2,1,2,5,5,5,4,2,4,3,3,1,5,2,3,4,1,3,4,2,4,4,4,5
participant128,7,4,5,1,10,5,3,10,2,2,7,7,4,10,9,5,7,8,3,4,3,3,5,3,5,2,4,2,2,5,2,2,4,1,2,1,1,4,2,3,4,2,3,1,4
participant129,10,6,2,10,4,8,5,10,8,3,7,9,6,7,5,4,10,5,2,5,1,5,3,1,3,4,2,3,4,2,2,3,4,3,1,3,4,1,1,2,5,3,3,3,1
participant130,1,4,4,6,10,7,6,3,4,4,1,6,6,8,8,8,8,4,3,5,1,1,2,1,2,4,2,2,4,3,2,3,4,3,1,5,5,1,2,4,3,5,5,3,2
participant131,1,7,9,2,9,6,10,4,8,5,10,8,3,2,3,1,2,9,3,2,1,5,1,2,3,2,4,1,1,5,2,3,5,2,3,4,1,1,5,3,4,3,1,1,1
participant132,7,6,4,3,6,5,1,3,10,6,8,6,5,1,3,10,2,10,2,3,1,2,2,4,4,1,3,1,3,3,2,5,3,2,4,1,1,2,3,2,4,4,4,2,4
participant133,1,10,8,5,3,6,9,8,2,3,8,4,9,10,2,6,8,10,2,1,1,3,1,2,5,2,5,3,5,4,4,5,2,2,2,1,4,4,2,4,4,4,5,4,1
participant134,2,10,2,7,10,1,9,2,7,4,4,8,3,9,10,3,7,7,1,1,1,4,2,5,3,2,2,2,5,1,3,5,5,3,4,4,4,3,4,1,3,4,3,4,4
participant135,10,1,7,6,4,10,1,9,5,3,3,9,1,6,6,6,3,4,3,3,3,2,1,3,1,5,3,1,1,3,3,5,2,4,1,4,5,2,4,2,5,1,1,4,5
participant136,9,3,8,10,4,9,4,9,7,6,8,5,10,4,4,8,10,3,2,2,4,1,1,5,4,2,5,2,3,2,3,2,4,1,2,2,4,4,2,5,4,1,1,2,4
participant137,4,9,4,6,3,8,4,1,8,8,3,4,10,3,8,10,5,4,1,3,2,3,4,2,1,4,5,3,5,3,4,1,3,2,1,5,4,3,1,2,1,1,2,1,5
participant138,1,5,4,5,7,4,5,1,10,10,5,9,1,6,3,8,5,8,4,3,1,2,2,2,3,1,4,5,4,4,2,5,4,5,4,1,2,4,2,4,1,5,4,5,4
participant139,5,9,9,6,1,6,1,10,2,9,2,3,1,1,3,9,1,3,3,4,1,1,3,5,1,4,3,1,2,4,4,2,4,5,1,5,2,2,5,3,1,5,4,4,3
participant140,6,7,7,6,7,6,4,5,4,1,7,10,9,9,8,5,1,4,3,5,2,1,5,4,1,4,5,5,2,3,1,1,5,4,4,4,3,2,1,4,2,1,5,1,4
participant141,10,8,4,1,9,7,9,8,6,5,6,5,4,1,9,4,9,5,1,3,5,1,4,2,5,2,2,5,3,1,3,2,4,2,2,3,3,4,5,1,2,5,1,4,2
participant142,10,2,2,9,4,6,2,2,10,7,6,4,4,2,8,6,2,1,4,5,5,4,3,5,1,2,1,4,4,2,4,5,2,2,4,4,5,2,3,2,2,2,1,1,4
participant143,1,1,1,6,7,7,4,5,10,2,10,9,2,8,3,1,5,7,5,4,1,5,5,3,2,3,2,1,5,5,5,3,1,3,3,2,5,4,3,5,1,2,2,5,3
participant144,7,8,8,4,5,2,7,10,5,3,2,6,2,10,8,5,5,8,4,4,1,1,3,4,1,2,5,4,4,4,4,5,3,4,3,5,4,1,5,5,4,5,1,3,1
participant145,9,6,9,3,6,8,4,10,1,5,8,10,3,1,2,8,7,2,3,1,3,2,2,4,4,4,1,5,2,4,3,2,1,5,1,4,3,2,5,5,1,4,3,3,1
participant146,3,7,1,10,2,9,1,1,1,7,2,9,3,5,7,10,9,4,5,4,3,4,4,4,3,4,5,3,4,2,1,3,1,1,2,4,1,1,5,1,1,5,2,1,2
participant147,1,2,4,4,5,3,8,4,6,2,9,1,2,8,6,1,3,9,3,3,2,1,3,4,2,5,5,3,1,4,4,2,5,1,4,4,2,1,3,5,1,2,4,3,3
participant148,2,7,9,3,5,9,10,2,8,3,10,5,8,1,4,9,6,8,1,2,3,5,3,5,4,5,2,4,4,5,4,5,1,4,5,4,3,3,4,4,3,3,2,4,5
participant149,6,8,6,4,10,2,2,6,7,6,3,7,9,6,3,6,10,8,5,3,2,2,5,2,4,4,3,5,1,5,4,1,3,4,2,5,1,1,1,1,2,5,3,3,4
participant150,2,3,8,2,2,10,6,5,6,3,1,4,3,3,2,9,9,8,5,2,4,5,3,3,2,2,3,4,4,1,5,5,4,3,5,3,1,1,3,2,4,2,5,5,4
participant151,7,6,9,10,7,8,6,2,9,5,3,3,7,7,1,9,5,2,3,5,5,3,1,3,5,5,4,2,1,4,5,4,4,5,3,1,3,5,5,1,4,5,2,2,5
participant152,8,9,7,3,4,1,5,8,6,6,6,5,1,6,3,4,4,3,4,1,4,5,2,5,5,5,1,5,4,2,2,1,5,3,3,1,4,1,3,3,2,4,1,3,2
participant153,8,8,10,4,3,5,3,9,9,5,6,10,3,4,7,7,2,1,1,4,2,1,4,1,2,4,1,4,2,2,2,5,4,4,4,5,2,4,2,5,1,2,5,5,3
participant154,9,9,7,2,1,7,4,1,5,4,9,3,9,10,3,1,4,4,2,5,1,3,4,2,4,4,2,1,2,1,1,3,2,1,1,5,3,2,2,5,4,4,1,4,2
participant155,3,9,3,6,10,7,1,10,6,5,4,6,9,2,5,4,8,5,1,5,2,3,4,5,4,5,4,1,4,1,2,5,3,5,3,4,4,5,1,4,1,3,4,1,3
participant156,1,6,10,5,10,5,3,2,9,5,1,7,6,5,5,10,10,2,2,1,1,5,3,3,1,3,1,5,5,5,4,3,4,3,1,2,5,1,1,1,3,3,2,5,3
participant157,10,3,6,8,5,7,4,5,10,4,3,8,8,7,5,4,1,6,1,4,4,2,5,3,3,2,3,1,5,4,4,1,1,1,4,3,2,3,3,4,1,3,2,1,3
participant158,8,2,3,6,9,10,2,9,2,2,4,6,9,6,1,2,10,2,3,1,2,5,2,4,5,5,2,2,5,4,3,2,5,2,1,5,2,4,4,1,2,2,5,5,5
participant159,4,5,9,2,5,1,4,4,2,4,9,8,7,3,7,5,4,5,1,1,4,2,4,2,4,4,3,3,5,5,3,4,2,1,5,2,3,1,2,4,1,1,1,2,1
participant160,1,10,6,8,1,8,4,5,8,8,9,8,3,2,7,6,8,8,5,1,3,3,3,2,3,5,2,2,2,1,1,4,2,4,4,5,4,4,1,4,1,1,5,5,2
participant161,6,4,10,9,10,4,5,3,8,10,4,7,4,4,7,10,8,6,2,4,1,1,5,3,5,4,1,2,4,5,2,5,2,1,4,2,2,2,1,4,5,4,3,4,3
participant162,4,1,1,10,3,7,2,2,3,4,5,6,7,1,8,10,1,5,1,3,5,5,2,3,3,2,2,5,2,5,4,4,4,4,5,1,3,2,4,1,5,4,1,5,3
participant163,10,9,6,6,8,7,10,5,9,9,8,3,6,10,3,3,8,2,2,3,4,2,1,2,2,4,1,1,1,3,2,1,5,1,5,5,3,5,3,2,3,5,5,4,2
participant164,8,10,5,8,5,3,6,6,9,6,8,1,5,9,1,6,1,4,5,5,3,3,3,2,2,2,2,1,5,2,5,1,3,5,1,3,4,3,5,3,5,4,1,3,5
participant165,6,1,6,3,4,5,3,6,4,10,2,10,6,10,9,5,1,7,1,1,4,1,3,2,5,3,2,1,4,5,5,4,4,5,4,1,3,5,2,3,5,5,3,1,4
participant166,9,4,8,10,7,6,9,7,7,8,10,10,2,9,9,5,5,10,3,5,4,2,4,1,4,5,2,5,2,2,4,4,5,5,5,4,2,1,2,1,2,3,5,5,2
participant167,4,9,10,2,1,8,2,8,7,4,5,3,5,7,7,6,4,8,1,1,5,2,3,3,5,3,4,2,3,2,4,2,3,5,1,2,5,1,2,4,5,5,2,5,2
participant168,6,1,6,5,2,8,1,3,8,7,5,2,5,8,8,6,1,4,4,2,3,2,1,2,5,1,2,4,5,1,4,5,5,2,4,5,4,3,3,3,3,5,4,2,4
participant169,6,5,1,4,1,10,8,5,2,9,2,1,4,2,4,10,5,5,2,2,1,3,2,4,5,5,3,3,1,3,1,5,1,2,4,1,4,4,2,3,2,3,4,3,2
participant170,6,7,5,8,4,2,9,3,3,6,3,3,2,1,5,9,3,6,1,2,4,3,1,5,2,5,3,3,4,5,4,1,4,5,1,5,2,1,4,4,4,2,4,4,3
participant171,3,1,5,9,6,1,8,6,7,4,3,9,9,9,9,6,7,3,1,3,5,1,5,3,1,5,1,3,2,1,1,3,5,5,2,4,1,3,4,5,4,5,4,1,4
participant172,1,4,9,5,8,5,10,7,6,8,1,10,9,9,1,7,2,8,1,4,5,3,3,2,4,5,2,2,4,2,2,2,5,5,3,3,3,2,4,1,5,4,3,2,3
participant173,9,5,4,10,9,6,5,6,7,6,1,6,2,9,8,8,9,2,3,1,1,2,4,1,5,4,5,2,1,3,3,5,5,2,4,1,5,5,1,3,2,3,2,3,4
participant174,3,1,5,7,6,6,6,4,10,2,3,5,4,2,8,7,7,5,5,3,2,4,1,3,2,5,5,3,1,4,1,1,5,5,3,2,1,5,3,5,3,5,2,5,1
participant175,5,3,2,8,4,2,6,6,7,8,2,5,8,7,4,1,1,3,3,3,2,1,5,5,1,3,2,4,1,4,5,5,3,3,3,4,5,3,5,3,5,2,3,3,5
participant176,6,1,6,4,3,7,10,4,9,1,4,6,5,6,9,3,3,2,4,5,1,4,3,1,4,5,2,5,5,3,1,2,4,3,2,1,1,1,4,2,1,1,2,1,3
participant177,3,5,3,6,5,9,5,7,5,8,3,6,10,9,7,8,7,8,5,5,4,4,5,3,3,4,3,4,3,4,4,5,5,5,1,2,2,4,3,1,5,2,2,1,1
participant178,10,6,3,9,4,4,10,3,10,7,6,10,2,2,1,3,3,4,3,3,4,1,1,1,3,4,2,1,4,5,4,2,2,2,1,4,4,1,1,5,1,4,3,2,2
participant179,8,6,10,5,3,3,5,3,1,9,10,9,5,1,4,2,9,3,1,3,4,1,3,5,4,1,2,4,2,4,5,4,2,5,1,1,2,5,2,1,3,3,1,4,1
participant180,4,1,7,2,1,4,7,4,9,8,2,7,5,2,7,7,8,3,1,2,3,3,1,2,1,5,2,5,4,2,2,3,2,5,3,1,2,5,3,1,2,3,3,1,2
participant181,7,6,4,5,5,2,2,6,6,7,4,10,6,6,4,4,9,8,3,5,4,4,1,2,2,4,1,5,1,4,4,5,3,4,5,3,4,5,3,5,4,2,2,1,2
participant182,2,8,9,9,6,3,9,7,4,7,7,3,8,2,6,4,3,10,1,2,2,5,2,3,1,4,4,1,2,1,3,2,5,5,2,1,1,5,2,3,1,2,4,3,5
participant183,4,8,2,7,8,2,6,10,7,6,6,5,3,3,9,9,1,8,3,4,2,1,3,1,5,1,5,5,3,1,3,3,5,5,1,4,2,5,5,4,5,4,5,4,2
participant184,6,10,4,8,1,3,10,1,6,10,10,9,8,1,9,4,6,8,4,5,5,2,1,3,4,1,4,1,5,5,3,2,3,3,1,4,5,4,3,4,4,1,3,5,2
participant185,2,4,7,5,4,9,9,2,2,4,10,5,5,7,3,3,8,6,3,1,5,2,3,3,2,3,5,5,4,3,3,3,1,4,1,5,1,3,1,2,2,5,3,3,5
participant186,2,10,7,10,10,3,10,8,10,5,6,4,9,4,10,3,4,9,1,4,1,3,3,3,1,2,4,4,1,1,5,4,1,5,2,2,1,4,2,2,4,4,5,3,5
participant187,4,6,2,10,9,10,6,6,8,7,1,2,7,8,6,3,7,6,5,3,5,5,3,5,1,5,1,2,2,2,2,1,5,1,3,1,4,4,1,3,1,2,3,3,4
participant188,3,7,5,8,10,6,6,3,7,2,7,1,6,9,4,9,2,7,3,5,2,2,3,3,3,4,1,3,2,4,2,3,5,1,4,3,4,1,5,4,3,3,3,1,1
participant189,6,3,2,5,10,4,1,10,3,1,3,2,3,1,5,10,8,6,4,3,3,1,3,2,4,3,1,1,5,4,1,5,4,3,4,1,3,4,2,3,3,4,5,1,4
participant190,5,6,1,5,5,1,8,10,5,7,8,6,1,4,1,2,8,7,5,5,1,1,5,5,1,5,4,2,3,2,3,2,3,3,1,3,2,1,1,4,4,4,1,5,4
participant191,2,2,5,7,3,10,1,3,1,1,4,10,6,10,6,5,3,8,5,4,1,5,1,4,1,3,5,5,3,3,4,5,2,2,3,3,4,4,3,5,3,1,4,2,2
participant192,5,3,7,1,9,4,2,7,7,1,9,7,7,10,6,6,2,9,2,3,2,2,1,1,5,1,1,4,3,3,3,3,2,3,3,2,4,3,5,3,3,3,2,3,5
participant193,10,8,10,8,8,3,4,6,3,7,3,5,6,3,8,10,3,6,3,5,2,4,4,5,4,4,4,1,1,1,4,3,4,1,1,1,5,3,2,1,2,4,3,2,2
participant194,2,6,3,7,5,10,2,2,7,1,1,1,1,7,2,5,2,4,4,5,5,1,2,1,2,4,2,5,5,4,2,3,4,3,2,3,5,4,4,2,2,1,5,2,5
participant195,10,10,10,7,2,1,3,8,4,10,7,10,7,6,6,10,6,4,4,1,1,4,4,4,2,5,4,1,2,1,1,4,1,5,2,2,5,5,5,2,3,1,5,4,4
participant196,4,1,1,5,9,3,3,2,4,6,3,8,4,2,8,5,4,6,2,5,4,3,4,1,4,5,2,1,1,1,1,5,5,2,2,3,4,2,1,2,2,5,1,2,4
participant197,3,2,2,10,7,10,6,6,2,2,4,3,1,2,9,5,1,6,1,2,1,3,3,1,1,1,3,1,4,5,4,4,1,1,4,1,2,4,1,3,1,5,1,2,4
participant198,4,8,10,6,10,10,9,10,7,1,4,4,6,8,10,4,4,9,5,1,3,2,1,2,5,2,2,3,3,1,4,3,1,3,5,2,5,5,5,5,3,4,2,1,3
participant199,4,3,4,4,5,9,6,9,3,8,1,9,2,4,9,8,5,5,3,5,1,1,4,4,2,2,1,3,3,1,1,4,2,5,5,3,4,2,1,2,3,4,3,3,2
participant200,7,10,6,8,9,8,3,6,10,2,6,4,5,8,10,9,6,5,5,2,1,4,3,3,1,5,5,2,1,1,3,1,3,3,5,1,1,1,5,3,1,3,1,3,4
participant201,4,1,3,10,2,8,2,5,7,9,1,6,3,3,10,2,4,4,2,1,3,2,3,1,5,1,4,2,4,5,5,1,2,5,2,2,5,2,3,4,5,5,2,3,3
participant202,1,6,1,10,6,1,2,10,9,8,2,4,5,4,5,3,6,10,3,2,5,1,3,3,2,4,3,2,4,2,4,1,3,4,4,2,3,5,5,1,4,5,4,5,4
participant203,7,3,5,10,3,9,10,3,7,8,5,10,3,5,7,5,7,5,3,4,1,5,3,1,3,1,5,4,3,3,1,4,2,1,4,4,3,5,3,5,3,4,1,4,4
participant204,1,8,4,8,4,2,10,10,8,9,7,9,4,2,2,4,7,10,2,1,5,2,2,5,4,4,5,4,3,4,2,2,4,1,2,3,4,5,2,4,4,5,4,5,3
participant205,8,1,3,4,4,10,7,4,9,10,5,6,4,4,4,8,6,3,1,1,2,1,3,1,5,4,2,2,2,3,1,1,2,3,5,5,1,3,4,2,1,4,1,5,1
participant206,8,6,6,1,4,8,3,1,9,1,8,1,3,6,6,3,3,4,2,4,4,5,3,5,2,2,5,2,4,4,3,2,3,5,2,1,5,1,3,4,1,2,2,1,5
participant207,3,7,3,8,2,1,9,8,5,7,1,5,7,7,10,10,3,1,2,2,3,4,1,3,3,5,1,3,2,4,1,2,1,2,1,1,2,1,2,1,1,3,2,1,3
participant208,5,1,8,7,2,4,8,7,7,3,8,3,10,10,9,3,1,4,1,3,1,1,1,3,2,4,1,4,5,2,1,1,3,4,1,5,1,2,2,3,2,2,4,2,4
participant209,8,9,8,6,8,4,2,8,6,2,6,2,7,9,8,5,9,5,4,3,3,5,2,2,3,3,1,1,2,2,4,1,3,5,3,1,4,3,3,1,1,4,4,2,4
participant210,9,9,5,3,6,10,4,8,5,8,2,2,8,2,4,3,2,7,4,4,4,4,3,5,5,4,5,1,5,2,5,3,1,2,1,4,2,3,3,3,2,4,5,2,2
participant211,5,5,8,3,1,3,3,10,9,2,6,4,3,4,10,3,9,4,4,4,5,3,5,1,5,3,3,1,2,3,2,2,2,3,3,4,5,3,3,2,3,4,4,1,3
participant212,7,3,1,8,3,2,7,6,10,2,1,2,9,8,2,6,8,5,5,1,2,3,3,3,2,2,3,1,2,3,5,1,2,2,5,1,2,4,1,2,1,5,2,1,5
participant213,7,3,5,5,9,9,2,6,10,10,3,1,1,8,1,10,6,5,3,1,4,4,3,4,2,5,3,2,4,3,2,3,4,1,3,3,2,3,5,1,4,2,5,4,5
participant214,6,6,6,7,10,8,4,9,5,10,1,9,4,1,1,9,10,7,2,2,4,5,2,5,3,4,3,1,5,1,1,1,2,5,5,1,5,3,5,5,3,1,3,4,2
participant215,6,5,10,10,1,10,7,8,4,7,9,10,8,8,4,10,9,6,5,2,3,1,1,2,5,2,3,3,2,4,1,3,2,4,2,5,1,4,3,1,3,3,2,4,3
participant216,6,6,10,10,7,2,1,3,10,1,1,5,3,9,1,4,10,1,5,2,3,1,3,3,1,3,3,4,4,2,3,3,5,4,4,5,5,3,2,4,3,2,2,4,4
participant217,4,3,2,1,10,10,5,2,1,3,4,6,10,4,3,2,8,5,3,5,4,3,2,4,1,4,2,3,5,3,4,2,4,4,5,5,5,3,5,2,2,3,2,4,4
participant218,10,2,4,10,7,10,10,6,8,4,1,6,5,8,10,1,9,1,1,5,3,4,1,3,4,4,4,2,5,2,1,1,5,2,4,4,4,2,1,5,4,2,1,5,1
participant219,10,9,6,3,9,4,1,5,1,6,8,8,10,5,1,4,3,6,5,1,2,2,4,5,5,1,1,3,4,3,3,5,4,2,3,4,1,5,2,4,2,4,4,3,3
participant220,8,7,2,4,5,1,2,8,9,6,3,9,5,9,9,8,4,3,5,1,3,4,1,2,3,4,1,2,5,2,3,4,2,2,4,4,4,1,2,5,4,4,4,3,5
participant221,1,5,7,9,9,4,5,3,9,4,10,7,7,5,2,7,4,4,4,1,2,5,2,2,3,3,4,2,5,2,3,1,4,4,1,5,4,5,4,5,3,1,2,4,2
participant222,8,8,7,4,6,2,6,6,6,8,5,4,7,1,4,7,8,10,2,1,1,2,5,2,2,3,1,3,1,2,3,4,3,2,2,5,1,2,4,2,1,3,2,3,3
participant223,2,1,6,9,5,3,7,4,6,8,8,3,9,8,8,4,6,9,2,3,1,2,3,1,5,2,3,2,5,1,4,5,1,5,1,5,4,5,4,4,5,4,1,1,1
participant224,3,4,10,3,9,8,10,4,6,6,3,4,10,10,7,1,1,4,2,2,4,5,1,2,4,4,5,1,1,5,5,4,2,3,3,3,4,1,5,1,4,1,2,1,2
participant225,5,5,5,3,7,9,7,8,2,9,4,3,5,8,1,9,3,4,1,1,1,4,3,3,1,2,1,2,1,2,5,5,3,1,5,1,5,3,4,5,1,5,3,5,4
participant226,5,4,2,9,5,7,9,10,5,1,5,4,8,5,8,10,7,8,2,4,2,2,3,5,1,2,5,4,1,4,2,4,3,4,3,1,3,3,2,4,3,3,5,1,1
participant227,8,1,5,4,5,4,6,10,2,4,2,2,1,1,7,4,3,10,3,1,3,1,1,3,5,3,4,1,3,4,3,5,5,2,3,1,1,5,2,3,2,4,1,3,5
participant228,1,5,7,5,3,10,9,7,1,1,9,3,1,10,6,9,4,3,5,5,2,1,4,2,3,2,1,4,2,5,5,4,1,3,3,4,1,4,2,1,3,1,1,2,1
participant229,3,3,7,2,7,10,9,5,3,6,7,8,9,10,1,5,5,1,5,4,1,5,3,5,4,5,5,2,3,5,5,5,5,3,3,4,5,4,3,1,4,3,5,1,5
participant230,7,2,4,3,2,2,10,5,10,10,8,6,5,2,2,2,9,7,1,5,1,1,3,1,2,3,1,4,1,5,3,3,5,4,3,5,4,4,2,5,4,5,1,5,3
participant231,10,3,3,8,10,10,7,3,6,8,4,8,3,6,3,9,3,10,1,5,5,5,1,4,1,3,1,3,5,2,5,3,4,1,5,5,2,2,2,2,1,4,2,1,3
participant232,6,8,4,2,7,5,3,3,1,9,3,10,6,5,5,6,5,1,5,3,3,2,2,1,1,1,2,5,2,4,2,4,4,1,4,5,1,2,1,1,2,4,4,1,4
participant233,3,1,3,10,7,10,2,1,5,7,3,3,9,9,7,8,4,6,4,5,1,1,3,4,1,2,1,4,5,1,3,3,2,1,3,3,1,4,2,5,2,2,4,3,5
participant234,8,8,5,6,5,4,1,10,9,5,8,2,10,6,8,6,2,10,4,3,2,1,1,1,5,3,3,4,4,2,2,2,2,1,4,2,1,5,1,4,3,3,4,4,2
participant235,8,4,6,6,2,1,5,1,9,2,10,3,9,9,2,2,3,3,3,5,5,2,4,3,2,5,1,5,4,5,1,1,1,3,3,4,4,1,5,4,2,4,1,2,4
participant236,9,2,8,2,4,8,3,10,2,1,9,4,5,4,3,2,3,8,3,3,2,4,5,2,1,2,5,2,2,4,5,2,4,1,1,3,1,3,4,5,2,4,1,2,1
participant237,10,9,7,5,7,4,5,6,7,5,3,3,6,8,2,9,6,8,5,5,5,2,1,3,4,2,5,1,3,1,5,2,3,5,2,5,5,2,5,2,5,3,3,4,2
participant238,1,2,10,5,3,3,3,4,2,9,6,3,10,10,1,2,4,3,3,4,1,4,4,3,2,5,2,3,1,4,1,3,1,5,1,2,2,4,2,4,1,1,4,5,3
participant239,2,9,7,7,6,9,10,4,7,1,4,1,1,10,6,4,8,1,2,4,3,2,1,2,2,4,2,5,3,1,2,5,2,1,4,1,3,2,3,5,2,5,4,3,1
participant240,1,6,3,3,5,2,3,8,7,8,5,9,2,1,1,7,6,9,1,2,4,2,5,1,1,5,3,2,2,4,1,3,2,2,3,2,4,2,1,1,1,4,4,3,2
participant241,4,1,6,5,8,7,4,10,10,5,7,8,2,3,9,2,5,2,1,3,3,4,2,4,3,1,2,1,1,2,3,1,2,1,2,3,4,2,1,2,4,2,1,3,5
participant242,8,4,1,2,2,8,9,4,8,10,9,4,6,10,5,8,5,2,3,4,4,4,3,2,2,4,3,2,4,4,1,5,4,2,5,2,3,5,1,2,4,3,1,1,4
participant243,8,10,4,7,10,9,2,9,8,8,9,4,9,4,2,4,8,6,2,4,4,5,1,2,1,4,5,2,4,5,3,3,2,3,5,5,1,4,5,2,2,5,1,3,3
participant244,9,7,5,5,3,6,4,7,1,3,9,8,1,1,4,7,3,3,4,1,2,1,4,4,5,4,3,1,4,4,4,3,4,1,5,3,1,3,3,2,3,3,4,4,2
participant245,3,10,3,6,7,4,1,5,5,8,6,6,9,5,2,9,5,7,2,4,4,2,5,5,3,1,1,4,2,3,4,1,5,4,5,3,5,4,4,3,1,1,4,3,2
participant246,3,5,1,6,5,8,3,5,2,5,2,2,6,8,5,1,9,1,1,1,4,4,4,5,1,2,4,2,5,2,4,5,2,3,4,2,4,4,2,3,4,5,3,1,5
participant247,4,5,2,9,2,8,2,1,5,9,10,10,6,6,9,10,5,5,3,1,5,2,5,1,2,5,5,2,2,1,5,1,1,1,2,2,3,3,4,3,4,1,2,1,1
participant248,2,2,9,4,8,1,9,1,4,5,3,1,4,7,3,5,5,8,1,5,4,4,4,4,3,5,1,2,4,5,1,1,1,2,3,1,3,4,5,3,5,2,3,5,4
participant249,9,6,7,2,1,7,8,10,2,10,4,6,10,3,1,3,10,1,5,2,5,3,3,3,3,2,5,4,5,3,4,5,2,5,1,1,3,5,2,3,3,2,4,4,4
participant250,7,3,10,1,8,8,2,8,2,1,6,8,3,2,9,7,2,8,4,3,4,2,1,3,4,4,1,5,4,5,3,4,5,5,4,4,2,1,4,4,5,2,3,2,5
participant251,2,1,10,10,9,4,8,3,6,6,3,2,3,2,1,7,3,5,2,4,3,1,2,1,4,3,3,3,2,2,4,1,3,3,2,4,4,3,5,3,3,2,4,2,1
participant252,2,2,6,2,1,1,5,6,8,2,1,6,3,4,4,10,1,3,1,1,4,3,1,5,2,1,2,5,5,1,4,5,2,2,2,5,3,2,5,3,3,4,3,1,2
participant253,4,5,2,9,7,10,8,4,5,10,8,9,3,2,1,5,7,10,1,5,1,4,2,5,2,2,1,4,3,1,4,3,5,5,5,4,5,1,2,1,4,3,5,1,1
participant254,2,2,7,4,10,9,3,10,4,2,8,7,3,5,4,3,10,2,3,5,1,2,3,5,3,4,1,4,5,4,3,1,1,3,3,4,4,5,4,2,2,4,3,3,4
participant255,5,7,3,6,9,1,6,10,2,8,2,1,7,8,2,5,10,1,5,2,3,4,5,3,1,2,4,1,1,5,4,4,2,2,3,4,4,2,4,1,5,2,1,1,1
participant256,2,8,5,2,1,1,10,7,1,7,1,3,9,7,5,8,2,8,3,2,2,2,1,5,5,4,1,5,4,3,1,5,5,1,1,1,3,2,5,1,3,3,1,3,3
participant257,3,4,5,3,6,3,8,9,10,10,4,5,1,9,1,5,8,5,2,1,3,5,3,1,2,5,1,4,1,5,5,4,2,3,5,3,3,1,5,3,5,2,2,5,5
participant258,8,6,10,4,8,3,10,3,8,2,10,6,10,2,2,3,1,10,3,5,5,1,3,3,1,2,3,1,3,3,3,4,1,1,3,4,1,3,3,3,4,3,4,5,1
participant259,5,10,7,7,8,10,7,9,8,6,4,7,8,2,10,1,1,10,2,4,2,5,3,2,4,1,2,1,3,3,1,4,4,2,2,1,2,3,2,3,3,1,3,4,3
participant260,1,8,7,5,10,3,8,10,1,5,7,2,8,4,9,2,5,3,2,3,3,3,1,3,3,5,3,1,1,2,2,2,1,1,3,1,5,5,3,3,1,4,1,5,5
participant261,6,9,8,10,2,10,3,3,8,2,8,10,4,2,7,9,10,1,3,3,3,3,3,2,2,5,2,2,5,1,1,5,1,2,1,5,1,2,2,4,2,4,1,2,4
participant262,4,10,2,10,9,10,6,3,5,7,7,3,8,7,1,4,5,9,2,5,2,2,5,2,1,4,1,1,1,2,4,1,2,5,5,3,5,4,5,4,5,3,3,1,4
participant263,5,3,4,6,1,10,8,2,9,5,10,6,3,1,1,2,2,3,4,2,2,3,1,1,5,5,2,3,1,4,5,5,3,5,2,1,2,5,4,3,1,4,1,1,3
participant264,10,9,1,8,1,9,8,4,1,6,2,8,7,1,8,8,6,9,2,2,5,3,1,2,4,5,1,1,3,1,1,2,3,4,1,1,1,1,3,3,3,2,4,5,5
participant265,5,8,1,7,6,10,9,2,1,5,6,8,1,1,6,10,5,3,2,3,1,3,1,1,3,2,5,5,4,3,5,1,1,2,5,3,2,1,1,3,1,4,4,3,5
participant266,3,10,4,9,4,10,1,5,9,1,5,7,7,6,9,10,5,10,3,2,1,1,5,4,3,4,2,2,2,5,5,5,1,3,1,5,4,5,5,5,3,2,2,4,3
participant267,5,8,7,1,1,5,1,2,3,7,2,8,9,10,1,9,10,1,4,5,2,3,1,3,3,2,1,2,5,1,4,3,2,3,4,1,2,1,2,5,2,4,3,3,5
participant268,3,4,4,3,8,5,2,4,3,7,6,10,8,1,4,9,7,2,5,1,4,2,4,5,5,1,2,5,3,1,2,4,1,3,3,5,1,2,2,4,3,1,2,1,3
participant269,3,5,4,9,10,6,9,9,1,9,4,6,10,7,9,5,10,1,5,4,1,2,4,2,1,5,4,1,3,4,5,3,1,4,4,1,1,1,5,4,1,4,1,2,5
participant270,4,5,7,5,3,1,9,8,5,9,1,5,3,4,6,2,2,5,4,5,5,1,3,4,4,4,2,5,1,4,3,2,1,2,1,2,4,2,4,5,4,1,2,4,4
participant271,2,7,9,8,4,7,7,4,3,2,2,7,1,8,8,9,10,2,2,5,3,4,3,3,4,4,3,3,2,5,3,3,2,5,5,5,2,2,4,2,5,5,4,5,4
participant272,2,6,7,6,8,10,5,10,9,8,7,1,2,1,4,2,6,10,2,5,4,5,3,4,2,5,4,2,1,3,2,3,2,3,5,2,1,1,5,3,2,5,5,4,1
participant273,3,2,3,1,9,7,2,5,8,5,4,10,1,10,7,2,8,1,1,2,2,5,2,5,3,1,3,1,4,3,2,2,1,2,2,3,5,2,1,4,1,3,5,1,1
participant274,9,10,8,7,7,10,10,10,8,8,9,1,4,5,5,4,4,4,2,2,3,1,3,1,1,4,2,3,5,3,2,3,1,2,1,1,4,5,3,4,1,2,3,4,1
participant275,7,9,2,5,5,1,10,10,9,1,1,7,6,5,1,7,9,5,3,2,2,1,4,4,1,5,4,4,5,4,4,2,2,5,1,2,5,4,5,5,4,4,2,5,2
participant276,1,3,3,6,5,2,4,10,7,3,10,10,2,4,7,9,9,6,2,2,2,1,1,5,4,4,2,2,4,1,4,5,4,1,1,4,1,3,2,4,4,5,3,2,1
participant277,9,10,2,4,1,5,5,10,5,4,7,6,10,3,7,3,5,8,4,2,1,1,2,5,5,5,5,1,5,3,4,2,4,3,4,2,4,4,3,2,3,1,5,2,2
participant278,8,5,4,2,3,10,1,10,6,9,2,3,2,2,7,5,3,4,2,3,4,5,5,5,4,2,4,2,2,2,2,3,2,4,5,3,5,4,1,1,3,2,4,4,5
participant279,8,10,10,1,9,3,7,2,3,5,5,10,7,5,10,8,6,4,3,1,3,5,3,5,3,2,4,1,3,5,3,4,5,5,3,3,3,5,4,5,1,2,2,3,3
participant280,3,10,8,9,5,9,5,3,1,1,7,10,10,5,2,10,4,6,4,4,5,2,4,4,5,4,2,2,4,1,3,3,1,4,1,1,3,4,5,4,3,2,2,1,3
participant281,10,10,10,5,2,4,10,5,5,8,8,3,4,7,3,9,8,1,5,1,4,1,1,1,4,1,5,1,1,1,1,4,5,2,5,2,3,2,3,5,3,2,2,4,2
participant282,4,9,4,3,1,7,8,7,5,8,3,8,2,4,10,10,3,2,4,4,3,1,4,1,5,3,5,3,5,5,3,5,5,2,2,2,3,3,4,3,5,2,3,4,4
participant283,7,2,2,7,5,6,1,2,9,4,5,3,6,7,8,9,7,1,4,5,2,5,2,1,3,1,1,4,5,1,5,2,1,2,2,3,2,3,5,2,5,5,2,3,1
participant284,1,2,9,8,1,7,10,10,6,8,5,9,7,7,8,9,6,10,4,1,1,2,2,4,3,1,5,2,4,5,5,2,4,1,5,5,3,3,3,5,5,4,2,4,2
participant285,1,9,1,5,6,2,2,1,6,9,3,10,2,8,8,5,8,9,4,2,3,3,2,1,2,2,5,3,4,1,2,2,4,1,1,5,5,5,4,3,4,5,2,2,5
participant286,10,10,2,8,2,6,8,1,2,6,1,1,9,9,9,10,3,4,5,4,2,2,1,5,3,3,3,1,4,3,4,4,4,1,2,2,5,5,2,4,5,4,3,1,4
participant287,2,1,5,1,2,8,5,8,5,10,2,9,5,5,3,8,4,6,2,5,3,1,5,4,5,4,3,2,5,1,5,3,3,1,5,2,3,3,4,3,3,1,2,4,1
participant288,1,7,3,9,6,3,3,3,10,1,9,6,1,4,7,6,9,3,5,3,2,2,3,1,4,1,5,4,1,5,4,5,4,4,2,2,3,2,5,3,4,2,3,4,4
participant289,2,10,5,4,5,2,1,5,1,8,1,5,7,6,4,4,6,5,5,5,3,1,4,5,1,3,3,1,5,3,4,3,4,3,2,4,4,2,4,5,5,5,1,3,3
participant290,5,4,2,4,2,6,5,3,9,4,7,1,6,5,5,6,9,6,3,4,2,3,2,1,1,1,5,5,3,4,5,1,2,3,5,4,4,3,2,3,2,2,5,4,5
participant291,4,9,6,8,2,9,8,10,3,1,10,8,10,7,7,6,3,10,3,1,1,4,4,2,3,4,4,1,3,5,3,4,4,3,4,3,3,3,3,1,4,5,5,5,1
participant292,10,4,8,2,5,7,2,1,3,5,4,7,10,5,6,1,5,1,3,1,4,2,5,2,3,2,4,3,2,1,2,3,2,2,2,5,1,2,2,1,4,1,3,2,1
participant293,6,8,5,8,1,10,8,6,2,2,3,6,1,5,2,10,4,6,2,1,4,3,1,1,4,3,3,3,5,1,4,3,2,3,5,1,4,4,1,3,4,3,1,4,3
participant294,6,3,9,1,9,10,10,8,8,4,5,9,2,7,2,6,5,3,3,5,3,4,2,1,3,4,3,4,2,5,4,1,1,5,3,2,1,4,5,3,3,3,1,1,2
participant295,6,4,5,6,8,1,10,6,10,6,4,9,1,8,8,8,4,4,2,2,2,5,1,2,5,5,5,4,4,5,4,5,2,2,4,4,1,2,1,3,1,3,4,5,2
participant296,5,9,9,5,2,6,3,8,1,10,6,3,7,2,2,8,3,4,3,2,4,5,5,2,5,3,2,3,5,1,1,1,5,4,1,2,3,4,2,3,1,5,5,3,4
participant297,5,2,10,1,4,5,8,10,2,6,8,4,3,9,6,1,1,7,1,2,1,5,2,2,1,1,4,3,5,2,5,5,1,2,5,5,1,3,2,2,5,3,2,3,3
participant298,6,9,10,7,7,7,10,3,1,7,8,8,3,5,5,5,1,2,5,3,1,3,5,1,3,3,2,1,2,4,1,3,2,1,5,3,1,5,3,5,5,5,2,2,1
participant299,1,5,6,5,8,1,4,10,5,1,7,8,2,10,5,4,7,10,2,5,4,1,4,1,2,2,1,2,4,5,2,5,1,4,5,2,2,2,5,5,3,2,1,3,2
participant300,8,2,3,9,8,4,10,9,7,8,2,2,5,6,9,5,4,9,1,2,3,4,3,4,2,4,2,5,5,4,3,2,4,4,5,1,3,2,2,4,1,5,2,2,1
participant301,3,2,2,10,3,7,7,4,5,10,4,5,5,8,6,8,1,10,3,2,3,2,3,4,4,4,4,2,4,4,4,1,1,2,2,5,1,2,2,1,2,3,5,2,4
participant302,7,4,9,4,6,4,2,9,7,1,6,4,2,8,7,10,2,7,1,1,5,3,4,1,3,5,4,1,4,1,5,1,1,5,2,3,4,2,3,5,1,2,5,1,3
participant303,9,3,1,1,4,8,1,3,9,9,10,9,5,5,2,6,5,10,2,4,2,2,3,2,5,1,1,2,5,5,4,1,5,4,2,2,5,4,5,5,2,2,4,3,5
participant304,1,4,2,3,9,6,10,3,1,6,3,3,9,5,8,10,4,2,5,1,5,3,5,4,4,2,5,2,5,4,3,1,3,5,5,1,2,5,2,5,2,2,5,3,5
participant305,3,6,10,9,7,8,7,8,7,9,3,5,5,9,8,10,4,7,5,1,2,2,4,4,3,4,3,4,3,4,2,2,2,1,1,3,1,2,2,2,4,5,2,3,5
participant306,6,4,4,7,3,7,2,1,6,4,4,5,10,10,5,2,10,4,3,1,1,1,4,4,1,4,4,2,4,1,4,1,2,2,5,4,1,2,1,3,5,4,3,5,3
participant307,10,10,7,5,2,6,2,8,2,9,10,6,10,8,4,9,2,7,2,2,4,5,4,5,2,4,3,3,1,1,5,2,5,2,3,4,4,5,4,1,3,4,3,2,4
participant308,6,4,2,2,5,8,8,6,5,9,5,7,7,5,1,10,3,1,1,1,2,5,3,3,1,2,3,3,1,2,3,1,5,1,3,1,4,2,4,2,2,2,3,1,5
participant309,9,3,2,6,1,6,2,10,8,3,6,2,5,5,10,8,10,1,4,5,2,1,5,1,5,1,5,1,5,4,2,4,5,3,4,1,4,5,2,2,2,2,2,3,5
participant310,9,8,7,8,6,2,10,10,3,2,1,8,6,7,7,9,8,5,4,3,3,1,3,3,5,2,4,3,3,2,5,3,5,3,1,1,4,2,5,2,3,1,4,5,5
participant311,3,5,9,3,6,5,9,9,9,5,2,5,1,9,4,9,6,1,4,5,3,5,5,3,2,4,4,1,1,2,4,3,5,5,3,4,4,4,2,5,4,4,1,3,1
participant312,10,2,4,3,4,2,6,5,9,9,4,1,7,10,7,4,9,6,1,1,3,1,2,4,2,4,5,1,2,3,3,2,2,1,5,1,1,3,1,4,2,4,3,5,3
participant313,5,5,5,2,7,3,4,3,3,7,9,1,8,10,1,3,5,9,5,4,4,5,2,2,3,2,1,5,2,5,2,3,1,3,5,2,2,5,2,2,2,5,3,4,3
participant314,2,7,9,3,5,3,8,10,2,2,5,4,5,5,4,8,2,1,4,4,5,1,5,1,1,2,5,4,3,2,1,3,5,3,4,5,5,2,2,1,5,5,1,5,1
participant315,4,1,1,5,1,9,1,4,3,4,6,6,1,5,6,8,4,1,1,5,1,5,2,1,5,5,3,2,2,2,4,3,4,2,5,1,4,3,2,2,2,1,1,1,4
participant316,6,9,4,8,6,4,10,7,6,6,1,4,4,10,10,7,10,7,3,4,3,2,4,3,1,1,5,4,2,1,5,1,2,4,2,3,3,5,3,4,1,1,1,4,4
participant317,1,10,8,2,7,2,9,2,6,9,5,7,4,10,10,8,10,3,5,1,4,5,1,4,3,2,4,2,3,5,4,2,4,2,1,4,1,1,1,1,3,4,4,1,2
participant318,2,6,5,1,5,7,4,2,8,8,9,3,8,9,5,10,1,9,5,5,3,1,2,4,5,1,1,4,5,3,4,5,5,2,4,4,1,5,2,3,1,2,5,3,4
participant319,2,7,10,5,9,5,2,7,5,10,5,6,1,3,2,7,9,5,4,5,4,4,3,4,2,1,2,2,2,3,3,1,3,2,2,4,2,3,2,4,5,2,5,4,5
participant320,5,2,4,4,10,7,10,7,4,4,9,3,3,1,6,8,2,9,5,1,4,2,2,5,1,1,2,3,1,2,2,3,1,2,4,4,4,5,5,5,5,1,3,2,3
participant321,7,8,7,7,4,5,7,5,6,2,10,1,5,3,3,3,6,8,5,5,3,4,2,4,1,3,2,2,1,5,3,3,2,4,4,1,1,5,5,4,5,4,1,2,2
participant322,3,10,9,1,9,10,8,3,7,9,3,1,7,9,9,2,3,7,3,2,4,1,1,4,4,2,3,3,3,4,5,2,5,3,3,4,3,4,5,4,5,5,1,2,4
participant323,3,1,3,8,3,1,10,10,1,5,3,8,9,8,4,9,8,4,1,4,3,5,5,4,3,2,2,2,3,2,3,4,1,5,4,2,2,5,3,1,1,2,4,4,5
participant324,5,1,9,6,10,4,7,6,5,9,5,6,10,4,8,6,10,10,5,2,3,5,3,1,2,4,1,5,4,1,1,2,2,1,2,5,1,3,1,3,2,2,3,2,3
participant325,8,3,4,1,7,5,5,2,5,4,6,5,8,3,3,4,6,9,4,1,5,1,1,4,2,2,5,3,2,5,2,5,5,1,3,5,1,4,4,5,4,5,2,2,4
participant326,10,10,4,2,8,5,8,1,6,4,5,5,10,9,4,9,6,4,4,5,4,2,1,1,5,1,5,4,5,2,3,4,3,4,5,4,5,4,4,3,2,3,1,5,3
participant327,10,9,4,7,10,8,10,5,10,6,9,5,9,4,10,1,10,9,1,1,4,2,5,5,4,2,4,3,5,4,3,2,2,1,5,4,5,5,3,2,1,2,5,5,2
participant328,10,5,8,8,3,9,1,8,10,1,7,7,7,7,4,1,6,5,2,1,5,4,2,2,2,5,5,2,2,1,4,2,5,3,4,5,3,1,2,1,2,2,2,3,2
participant329,3,1,5,5,8,5,10,2,10,3,8,2,5,5,7,2,4,2,3,2,3,5,1,4,5,4,2,5,5,1,3,3,2,2,5,1,5,2,4,1,4,3,2,2,2
participant330,2,2,8,2,2,4,2,1,7,5,7,4,1,1,6,2,9,4,4,1,3,4,4,4,3,5,2,2,1,3,4,2,5,1,4,4,4,1,4,4,2,2,5,5,4
participant331,1,6,3,8,9,10,6,8,4,9,9,2,2,2,6,9,10,2,4,1,4,5,2,3,5,3,1,2,2,3,1,5,5,2,5,2,4,2,5,1,5,2,2,3,4
participant332,1,2,7,1,7,7,5,8,9,9,7,5,9,5,7,5,8,7,5,5,3,2,2,2,3,5,5,5,1,1,2,4,1,1,1,3,5,2,1,3,2,1,5,2,2
participant333,3,7,10,10,1,5,2,9,8,10,2,2,1,7,10,10,4,10,5,2,2,2,1,5,1,2,1,4,1,4,3,5,5,2,2,1,1,2,4,1,3,4,1,1,2
participant334,6,6,4,1,2,7,6,4,8,2,7,10,7,5,1,2,3,3,1,1,4,5,1,5,3,4,2,3,3,5,1,4,5,2,1,5,4,3,1,2,5,3,4,3,4
participant335,8,8,9,3,6,5,7,4,8,6,10,7,5,6,2,10,8,10,2,5,2,1,4,5,2,5,1,1,2,2,5,5,5,3,5,2,5,4,2,4,1,4,1,5,3
participant336,6,7,4,10,4,2,10,1,1,6,8,8,7,10,2,1,8,6,4,1,3,2,5,4,3,2,1,4,2,1,2,1,4,2,3,3,1,3,4,3,1,3,5,4,3
participant337,8,9,4,4,6,9,6,9,1,3,2,3,2,3,9,1,8,3,4,3,4,2,1,3,3,5,3,3,3,2,1,2,4,3,2,5,5,4,1,1,2,3,4,3,1
participant338,5,10,5,1,2,9,10,2,8,2,4,5,9,1,7,7,7,7,2,1,5,2,3,2,3,5,4,5,3,5,1,3,4,2,4,5,4,3,3,2,3,2,3,4,4
participant339,1,3,2,3,8,4,2,2,1,4,1,10,4,1,7,1,2,1,1,2,3,5,4,5,1,4,4,5,5,3,4,2,3,1,3,4,3,5,5,1,3,4,5,2,1
participant340,1,9,7,5,2,5,7,9,2,6,4,8,3,4,5,2,3,6,4,1,5,4,5,5,4,2,1,2,1,1,3,3,2,2,4,4,3,3,1,4,4,2,1,1,2
participant341,1,4,10,9,9,5,10,10,5,9,5,10,8,5,5,5,2,5,2,3,4,3,5,2,4,2,1,2,5,3,5,3,3,4,4,4,2,5,2,4,4,4,2,1,1
participant342,3,3,10,2,5,4,5,8,9,7,5,4,6,6,10,9,10,6,3,4,5,1,3,3,2,1,4,4,2,2,5,5,5,2,5,1,3,1,4,4,2,4,2,5,1
participant343,4,9,7,5,4,3,1,3,9,10,2,1,1,7,10,5,5,9,5,4,2,2,5,2,4,1,4,1,3,3,5,2,2,1,5,1,5,2,4,4,5,4,2,3,5
participant344,2,8,10,9,5,10,6,8,4,1,1,8,4,10,4,3,2,9,4,1,2,2,3,5,3,4,3,4,4,1,2,2,3,5,4,2,2,5,1,2,1,2,2,5,3
participant345,5,3,10,10,8,3,3,8,9,7,8,8,3,1,8,2,6,2,1,5,5,5,5,3,2,1,2,5,2,4,1,2,4,4,2,2,5,4,3,1,4,4,2,2,1
participant346,6,4,7,10,9,4,7,10,2,8,2,2,6,7,6,3,3,9,2,1,5,2,3,5,3,5,5,5,5,1,4,3,3,4,4,5,5,2,4,4,1,3,3,5,2
participant347,9,9,9,7,5,5,8,8,2,3,2,8,9,7,3,10,3,10,2,2,1,4,1,3,4,1,5,2,3,4,3,4,3,2,3,4,2,1,5,3,4,2,4,2,3
participant348,3,2,6,10,5,8,6,10,6,2,3,10,7,8,6,8,3,7,3,1,3,3,2,3,5,2,2,3,1,3,2,4,1,2,4,3,3,2,2,4,3,1,5,5,2
participant349,7,7,4,4,3,6,10,9,3,1,8,2,5,5,1,2,2,3,2,5,2,5,4,3,2,1,2,5,2,1,4,5,1,5,1,5,5,5,4,4,3,1,4,4,4
participant350,8,7,3,10,5,5,1,7,10,7,2,3,3,6,8,3,2,4,4,4,5,1,5,2,4,2,4,2,2,3,2,2,4,4,5,4,2,1,1,4,2,4,4,1,3
participant351,9,8,2,7,3,3,1,5,9,3,10,10,5,3,8,1,2,10,3,1,1,3,5,1,1,2,1,3,2,4,5,2,2,4,2,5,2,4,3,1,1,2,4,4,5
participant352,3,3,6,6,1,1,10,2,5,6,10,5,3,5,8,1,2,10,2,4,4,2,1,3,4,3,5,1,4,5,5,4,2,5,5,4,4,4,2,2,3,5,4,5,1
participant353,7,8,8,5,10,9,3,6,9,2,2,9,6,1,8,2,9,7,2,2,1,4,2,4,2,4,3,3,4,2,5,2,1,3,3,5,3,1,1,4,2,2,1,3,5
participant354,1,9,3,4,9,10,5,5,9,10,6,4,5,2,9,5,7,4,4,2,2,3,2,3,5,4,2,1,5,4,5,3,1,5,2,5,4,2,2,4,1,1,4,1,4
participant355,6,3,6,8,9,2,7,5,7,4,1,6,9,3,4,5,5,3,1,5,2,5,5,2,5,3,2,1,4,4,5,5,4,3,5,5,1,2,1,1,5,3,4,3,1
participant356,8,9,9,4,8,6,8,8,7,1,2,3,8,7,4,6,10,2,3,4,5,3,4,3,3,3,5,1,2,5,1,2,3,4,5,3,2,5,3,1,3,1,3,4,3
participant357,2,9,10,7,5,5,2,6,7,1,10,2,4,9,3,6,3,5,3,3,1,5,2,1,1,2,1,4,1,3,4,3,3,4,5,4,2,3,5,5,2,2,2,4,1
participant358,6,3,8,7,2,9,7,2,4,8,10,1,10,2,8,4,6,4,5,4,1,2,4,5,5,1,2,5,1,2,3,2,4,1,2,5,5,1,4,1,4,1,4,2,2
participant359,1,8,9,9,8,1,1,10,4,5,10,10,6,1,7,8,4,8,3,3,1,1,4,4,5,3,3,1,1,3,2,2,4,5,4,5,4,3,5,3,5,5,5,2,2
participant360,9,7,4,2,3,9,7,8,10,3,5,8,5,5,6,3,8,1,4,2,1,1,4,3,5,5,3,1,3,3,2,3,1,4,3,3,2,4,1,5,1,2,3,5,1
participant361,10,5,3,6,4,4,3,9,6,7,2,4,7,4,8,8,5,9,3,4,4,5,5,4,3,2,2,3,5,2,1,5,5,2,1,4,3,5,4,4,4,4,4,2,1
participant362,6,2,4,9,5,1,3,3,3,3,3,3,3,8,2,5,7,4,4,5,2,4,5,4,5,5,4,3,3,2,5,1,1,4,4,3,4,5,4,1,3,2,5,1,2
participant363,1,5,3,2,9,1,9,3,7,1,10,7,1,4,5,6,4,5,2,2,3,1,2,4,5,2,3,4,3,5,5,3,3,1,4,5,5,3,5,2,1,4,2,5,3
participant364,10,1,4,8,3,8,7,2,9,4,7,1,5,6,6,9,10,3,1,3,2,2,2,1,5,1,2,2,5,4,3,2,3,1,4,4,1,3,3,3,1,2,5,5,4
participant365,7,3,10,6,10,8,4,2,3,3,2,1,4,10,7,8,8,1,2,5,2,1,2,3,5,4,5,2,2,1,4,3,2,3,5,4,5,2,4,1,2,4,1,5,2
participant366,4,8,2,9,6,8,4,10,7,10,9,1,4,7,4,8,3,7,2,1,2,3,4,3,1,5,5,1,2,1,3,1,4,3,3,3,3,3,3,5,3,5,4,1,2
participant367,7,9,5,2,3,10,3,5,4,5,3,9,8,5,3,9,8,3,3,2,4,2,4,4,5,4,5,3,1,5,3,1,3,3,4,3,3,2,3,5,2,3,2,4,5
participant368,8,7,7,1,5,2,7,1,7,4,9,9,6,4,2,10,1,2,3,3,4,5,4,5,4,2,3,4,1,1,5,4,4,2,4,2,4,3,4,4,4,4,1,5,2
participant369,10,2,2,9,2,10,10,4,9,3,9,5,1,9,1,6,2,4,3,5,2,3,3,1,1,5,1,1,2,4,1,5,3,1,2,4,4,2,5,1,1,4,3,5,3
participant370,9,10,5,10,7,1,9,6,8,6,5,1,7,10,4,9,6,3,4,4,3,4,1,1,2,2,3,4,2,2,3,3,2,5,3,4,3,4,5,4,1,4,4,2,5
participant371,3,7,10,4,4,4,7,6,4,2,7,10,8,7,1,10,1,10,5,5,3,4,3,2,4,5,2,5,5,2,3,2,1,1,2,4,4,3,4,3,3,3,2,3,3
participant372,6,1,9,4,9,4,3,10,3,1,10,3,9,1,1,1,6,7,5,1,4,2,5,3,1,2,5,4,2,4,4,5,4,5,2,4,2,1,3,2,1,2,4,1,2
participant373,10,1,1,7,3,2,10,4,1,7,4,5,9,7,5,1,9,9,1,4,4,4,2,5,1,3,1,4,5,5,2,1,1,2,5,1,3,1,3,1,4,4,5,2,2
participant374,10,9,4,8,7,6,3,3,6,8,1,10,10,2,3,2,6,9,4,1,4,1,4,1,2,5,2,2,2,2,2,3,4,5,3,2,2,3,1,2,4,2,1,4,1
participant375,7,9,10,10,7,3,2,1,9,5,5,1,2,2,5,4,3,2,3,4,4,1,4,2,4,2,3,5,1,3,1,4,3,1,5,3,4,5,4,1,4,2,5,3,5
participant376,6,10,3,5,3,10,2,2,9,7,4,8,4,6,5,7,6,6,1,5,4,3,1,4,3,3,1,5,4,5,5,5,2,4,3,2,2,3,1,3,4,5,1,1,2
participant377,9,5,2,1,4,4,8,3,7,1,7,1,4,4,2,9,4,5,4,4,2,2,1,2,3,2,3,5,1,3,5,5,3,3,4,5,5,1,1,4,5,1,4,1,3
participant378,3,5,5,8,1,6,2,10,5,3,8,8,5,1,7,9,9,5,4,5,2,2,4,1,4,4,5,1,5,2,4,4,5,5,4,4,4,1,2,4,2,4,4,3,2
participant379,6,5,1,1,7,1,5,3,5,10,5,1,8,7,3,3,10,1,1,2,3,3,1,4,5,4,5,4,2,5,1,2,2,2,4,2,1,5,4,1,3,2,4,5,3
participant380,2,2,10,3,1,2,5,8,7,4,3,7,9,6,1,9,2,5,5,2,5,4,2,4,4,2,4,4,1,3,1,2,2,5,4,5,3,2,3,2,5,4,3,4,2
participant381,2,3,10,6,6,8,4,2,3,8,9,4,8,3,10,5,1,4,5,4,5,5,3,1,1,3,2,2,1,2,3,1,2,2,5,1,2,1,5,5,5,2,3,3,4
participant382,10,6,1,2,8,1,5,2,2,7,5,8,9,4,4,10,8,10,3,4,2,3,5,4,3,4,5,3,4,4,2,3,2,2,4,5,2,3,3,4,4,3,5,5,4
participant383,10,5,3,7,1,10,7,2,2,6,2,7,4,4,3,10,5,3,4,4,4,4,3,3,5,1,3,2,4,4,2,3,1,1,1,1,4,1,5,2,2,4,4,3,1
participant384,8,5,7,9,4,3,2,9,6,6,7,6,4,8,10,8,5,9,4,4,2,1,5,1,4,2,3,1,5,5,1,1,3,4,5,5,4,4,4,4,5,2,5,3,5
participant385,7,1,8,5,1,6,9,2,9,5,10,3,4,5,7,7,9,3,5,5,1,3,1,2,5,4,3,2,3,4,3,3,5,1,3,5,3,5,1,5,2,1,1,3,2
participant386,6,1,2,9,8,4,1,3,10,10,9,3,5,10,5,2,1,6,1,5,4,5,5,5,4,5,5,4,5,2,1,1,5,5,5,3,3,5,2,4,5,5,1,3,2
participant387,5,7,10,9,3,4,4,5,10,7,2,10,9,7,2,3,10,5,5,3,4,3,3,3,3,4,2,1,3,2,1,4,2,3,2,1,4,1,2,4,4,4,5,2,2
participant388,1,6,7,10,10,4,3,6,5,2,3,3,2,9,7,9,4,2,4,2,5,5,2,4,1,5,1,5,2,2,5,4,1,2,4,1,5,1,4,2,4,5,3,5,4
participant389,5,8,10,4,2,6,6,6,1,4,6,6,7,4,7,6,7,5,4,5,2,5,2,2,4,1,2,1,4,1,5,5,4,4,3,4,3,2,1,2,2,1,4,1,1
participant390,4,9,6,2,4,7,7,7,10,8,1,9,5,6,6,10,6,10,2,4,4,2,2,3,2,4,5,1,2,1,2,4,1,2,5,3,2,1,3,2,2,3,4,5,2
participant391,9,10,6,1,8,6,5,8,8,6,8,4,6,1,1,5,10,2,1,5,4,4,5,1,2,2,5,5,5,1,4,2,2,3,2,4,5,5,5,2,1,2,1,4,2
participant392,10,2,7,6,4,6,8,10,10,8,2,1,2,6,3,4,10,6,4,2,5,1,1,2,4,2,4,1,5,5,5,4,1,2,2,5,2,3,3,5,1,4,3,5,1
participant393,7,3,10,1,1,3,1,8,4,9,5,6,1,7,3,6,1,8,2,3,2,4,1,1,2,1,1,1,2,2,2,2,1,4,1,2,2,4,3,1,1,1,1,3,4
participant394,7,10,5,8,9,9,4,6,1,1,5,5,2,3,3,3,6,10,2,4,3,5,4,4,5,5,5,2,3,2,3,4,4,3,5,5,1,2,2,3,1,1,3,3,4
participant395,2,7,7,3,8,2,9,8,8,6,3,5,6,6,6,9,4,8,3,2,1,1,3,4,4,4,2,4,5,2,3,5,1,3,4,5,5,5,1,1,3,2,4,1,2
participant396,5,4,7,10,10,6,4,6,2,5,1,6,1,3,1,7,5,1,2,1,4,1,4,1,2,2,3,2,1,1,4,1,1,3,1,1,2,4,4,2,1,5,3,4,4
participant397,5,2,6,6,7,7,4,7,4,8,8,8,6,1,5,1,2,1,1,1,5,3,5,1,4,3,4,3,5,2,2,3,1,3,4,3,1,5,1,1,5,5,3,2,2
participant398,1,4,10,2,10,3,1,9,7,9,4,1,4,4,10,10,4,7,2,5,5,4,1,3,3,3,5,1,4,3,5,5,2,5,4,4,3,5,4,3,1,5,2,2,1
participant399,8,8,4,8,9,5,3,9,7,3,5,2,5,5,9,9,4,7,2,1,3,2,2,3,4,2,2,2,2,4,3,5,5,3,5,5,4,4,1,1,1,5,2,5,5
participant400,8,7,9,2,1,6,6,4,10,4,10,2,1,9,3,6,10,10,4,1,5,2,3,5,5,1,5,5,1,2,4,2,4,4,3,2,2,1,1,5,5,5,1,4,4
participant401,1,4,3,6,3,3,4,9,8,2,10,9,7,3,2,2,1,1,5,3,4,3,1,2,4,4,4,4,5,3,1,5,1,5,4,4,1,4,1,2,3,5,1,4,3
participant402,10,4,10,8,9,8,9,8,3,8,8,7,4,9,10,10,6,2,4,3,1,3,1,3,3,1,5,4,2,3,1,2,4,4,4,5,2,2,2,4,5,1,3,4,5
participant403,7,6,5,9,8,10,3,1,7,2,6,9,3,9,2,5,9,5,3,2,5,3,3,5,2,4,4,3,3,3,2,3,3,4,1,5,5,3,1,4,3,4,1,5,3
participant404,7,7,1,9,2,7,8,9,5,3,10,7,6,5,4,4,10,10,1,5,3,4,4,3,1,4,4,2,2,2,3,4,5,1,4,5,2,1,4,1,4,3,3,2,2
participant405,2,1,3,7,5,10,9,9,7,3,10,1,10,8,3,9,9,9,5,2,2,5,1,3,5,2,2,4,1,4,4,4,5,2,5,1,2,4,5,3,1,2,3,5,4
participant406,1,3,9,7,7,2,6,2,7,1,7,3,6,7,4,9,1,4,3,4,4,3,1,1,1,5,4,1,5,3,2,3,5,1,2,3,5,2,5,4,3,4,3,5,3
participant407,6,3,1,2,7,2,5,2,5,8,8,8,2,4,4,4,4,4,4,2,1,2,3,2,2,2,3,4,1,1,4,2,4,1,5,4,4,3,3,4,4,2,1,5,3
participant408,1,10,9,7,3,1,8,5,1,6,9,8,7,9,7,5,7,3,1,1,5,4,1,1,4,4,1,1,1,5,2,2,2,1,5,2,2,2,1,4,1,5,4,4,3
participant409,9,2,5,5,7,3,6,1,5,4,2,6,9,7,7,9,5,6,4,5,1,1,1,4,1,3,3,3,5,3,3,1,3,1,1,1,5,5,5,3,4,5,4,4,3
participant410,10,5,10,8,5,4,2,4,2,5,1,4,10,5,2,4,5,9,2,4,2,5,3,2,1,2,5,4,1,4,4,4,2,3,2,2,1,4,2,4,4,5,5,2,1
participant411,8,7,2,4,9,4,5,4,2,9,3,9,2,4,4,5,5,1,4,2,1,1,1,3,4,3,5,5,5,5,2,2,1,2,4,1,5,5,1,5,1,1,4,4,5
participant412,3,4,2,4,5,9,1,5,2,6,5,5,10,8,10,1,10,5,4,1,3,1,2,4,5,5,1,4,2,5,2,2,4,3,1,5,2,3,4,5,4,4,2,5,2
participant413,4,7,10,10,1,7,9,3,6,7,1,9,6,2,9,6,3,4,3,4,2,5,3,4,2,3,3,1,2,2,1,4,3,5,2,1,3,3,1,4,1,1,5,5,5
participant414,3,3,3,4,10,9,1,9,10,1,1,4,1,6,6,2,1,8,2,5,3,2,5,2,2,2,1,1,5,1,2,5,3,5,3,4,4,5,2,4,4,5,4,2,2
participant415,2,1,6,2,6,2,4,3,7,3,8,7,6,9,5,6,3,8,3,1,3,4,4,4,1,5,2,5,2,3,2,2,1,2,3,4,5,2,5,2,3,1,4,3,3
participant416,9,8,2,1,1,9,8,9,4,5,6,9,7,2,5,5,1,3,1,4,2,5,3,1,4,5,5,5,5,5,1,2,2,3,5,3,5,5,1,3,3,1,1,1,5
participant417,4,6,8,3,5,3,8,1,2,8,6,9,7,6,4,8,3,1,2,1,2,4,1,2,4,2,2,2,1,2,1,3,4,5,1,4,4,1,2,5,5,5,5,3,4
participant418,1,10,10,4,1,4,8,7,7,1,7,8,2,6,9,1,8,8,1,5,1,5,5,4,4,5,4,3,3,3,1,2,4,4,2,4,5,3,2,3,5,5,5,1,4
participant419,7,1,7,10,7,4,7,8,4,2,9,5,1,1,4,9,10,8,1,2,1,4,4,2,3,3,2,1,1,3,2,5,5,2,4,4,3,5,4,5,3,5,4,5,3
participant420,2,8,10,4,9,2,5,4,9,7,5,8,10,4,5,4,6,2,1,1,1,4,3,4,2,1,5,4,2,2,2,1,4,2,2,5,1,2,5,1,4,2,3,4,1
participant421,6,6,3,9,2,2,2,10,7,5,9,10,6,10,2,2,7,6,5,5,5,1,2,4,5,4,5,1,3,3,4,3,1,5,4,3,1,5,3,4,1,2,3,4,5
participant422,9,3,2,2,4,3,1,8,7,3,1,2,2,9,1,8,1,2,5,5,1,2,2,2,4,1,5,4,5,2,3,5,4,2,3,4,4,1,2,2,5,1,1,5,1
participant423,9,1,4,9,9,6,8,8,10,10,5,3,3,7,6,1,8,9,3,1,3,4,3,5,4,3,5,4,3,2,5,4,2,1,3,2,3,1,5,4,1,2,4,4,2
participant424,7,8,7,10,2,7,5,10,1,3,8,4,4,4,4,8,10,5,4,1,4,1,5,4,5,4,4,3,2,4,1,1,1,2,3,3,4,3,1,4,4,5,3,3,2
participant425,5,5,3,6,7,8,9,3,4,6,10,4,1,7,8,5,5,10,2,1,5,5,2,4,4,4,5,5,5,3,2,2,5,1,5,3,1,5,5,2,1,2,5,3,4
participant426,9,8,7,10,10,4,2,10,5,8,5,3,8,8,1,2,9,1,4,5,3,4,4,2,1,4,4,2,5,2,3,1,2,2,2,3,2,2,3,5,1,5,4,2,3
participant427,1,7,10,10,1,3,10,1,4,4,6,9,8,1,3,5,1,7,4,3,5,5,2,3,1,2,5,3,2,1,2,2,4,3,1,4,3,1,4,5,4,4,2,4,2
participant428,2,5,3,2,1,10,3,7,3,7,8,5,7,4,6,9,8,9,2,2,4,1,2,1,5,2,1,1,1,1,3,2,5,3,2,2,4,4,2,4,5,5,4,5,2
participant429,7,7,8,1,2,7,10,2,3,1,9,2,9,2,10,5,1,2,5,5,5,2,4,5,2,1,2,2,5,1,1,1,3,3,3,3,2,1,4,1,1,5,4,3,3
participant430,8,7,6,7,10,10,8,9,1,8,5,2,1,2,7,3,4,7,3,3,4,1,2,2,2,5,2,3,5,1,3,4,3,2,5,3,2,3,3,3,2,1,3,1,1
participant431,8,1,1,4,8,1,7,2,2,5,2,6,4,1,7,5,1,5,4,1,3,3,4,2,5,2,1,5,1,4,5,3,1,1,4,2,2,3,2,5,3,1,4,4,3
participant432,9,6,5,2,10,7,6,5,7,4,9,1,7,2,8,3,3,6,3,2,2,1,1,5,2,5,4,2,3,2,5,4,5,3,2,4,5,3,4,4,4,3,2,5,5
participant433,6,7,3,3,6,2,5,2,10,7,3,7,3,5,6,8,2,5,3,1,4,3,4,1,5,4,1,1,3,2,1,3,5,4,2,4,3,5,3,2,4,1,4,4,4
participant434,4,2,10,10,9,4,6,1,1,8,3,2,5,1,10,6,3,7,4,4,1,5,5,2,3,3,4,2,4,5,3,3,1,1,1,4,5,1,2,1,5,2,1,2,5
participant435,7,9,9,2,10,2,8,6,10,5,6,2,6,7,10,4,2,8,2,1,4,1,5,4,5,2,4,3,1,5,2,5,2,3,1,4,3,1,2,5,2,1,1,2,3
participant436,10,5,3,10,7,1,9,8,8,3,6,3,9,5,3,9,2,4,4,3,1,1,2,4,1,3,3,1,2,5,3,3,2,2,3,3,5,5,3,3,1,4,4,2,2
participant437,3,2,3,4,4,10,8,9,6,3,10,4,1,10,2,10,8,4,3,3,1,3,1,1,3,4,2,3,5,4,2,4,4,3,2,1,5,5,2,2,1,2,2,5,1
participant438,2,8,6,6,8,3,3,3,2,1,2,4,1,3,3,6,7,2,5,2,2,4,1,3,5,3,5,3,4,3,1,4,4,4,3,5,4,1,4,4,4,1,4,5,3
participant439,8,1,2,4,9,10,3,2,1,10,9,3,3,6,3,9,9,10,3,4,3,3,2,2,5,5,1,4,1,5,2,4,3,4,1,2,2,1,3,1,3,4,5,1,3
participant440,6,8,8,9,2,2,4,9,3,5,7,3,2,1,2,9,7,9,3,3,5,5,5,4,3,2,5,3,2,4,1,2,3,4,3,2,3,1,1,3,5,5,5,4,2
participant441,3,3,1,7,4,10,4,6,2,6,2,1,6,4,1,1,9,2,2,5,3,3,3,3,4,5,5,4,5,5,4,2,2,3,5,2,5,3,4,1,5,3,5,2,2
participant442,5,9,7,6,6,3,7,9,10,3,7,2,4,2,4,3,1,7,3,5,5,5,1,1,4,3,1,3,3,1,3,3,4,5,5,3,5,4,3,4,2,5,3,1,3
participant443,2,3,3,2,7,10,8,9,7,9,6,2,1,1,7,10,4,10,3,5,4,1,5,5,1,3,2,2,3,2,4,2,5,2,1,2,3,3,3,3,5,3,5,1,2
participant444,7,8,9,6,5,5,1,4,10,2,4,9,8,9,9,3,5,3,2,4,4,3,3,5,3,5,2,1,3,4,3,5,5,5,3,2,1,2,2,5,2,1,4,3,5
participant445,2,7,1,4,10,1,9,5,7,4,8,4,8,4,6,6,9,10,3,5,3,2,1,5,5,3,2,4,1,5,4,1,5,1,2,2,2,3,5,3,5,2,1,5,5
participant446,5,7,9,5,4,8,1,7,9,5,1,3,1,3,10,3,4,1,5,4,4,3,5,5,3,1,3,1,1,3,4,1,5,1,1,1,4,5,3,1,5,4,5,5,4
participant447,10,4,1,1,8,2,7,1,4,3,7,3,4,6,2,10,1,9,4,1,5,5,5,3,2,4,3,2,2,3,5,2,2,2,5,3,3,5,2,1,2,1,4,3,3
participant448,7,9,8,4,10,5,7,2,1,4,6,8,7,4,3,10,5,10,1,5,5,5,3,3,1,1,1,1,4,2,1,5,3,1,1,5,3,4,5,1,2,3,2,2,2
participant449,6,9,5,8,1,5,6,6,5,2,5,9,7,5,9,6,2,10,4,5,1,4,2,4,1,4,5,4,3,2,5,1,4,5,5,4,5,5,4,3,1,1,1,1,4
participant450,3,1,8,3,2,8,6,6,8,8,10,2,1,1,3,7,3,9,2,3,1,1,3,2,4,5,5,3,1,2,4,2,1,5,3,4,3,5,1,4,3,2,4,5,3
participant451,5,6,6,4,3,7,7,5,2,4,4,10,3,2,1,6,8,1,1,2,4,4,3,1,2,5,2,5,4,4,5,3,5,3,2,5,3,5,3,5,1,3,3,2,2
participant452,6,10,7,8,8,5,5,8,10,4,6,4,10,4,6,3,9,10,2,1,3,2,5,4,4,3,1,5,4,4,4,5,4,2,1,2,2,3,3,4,4,5,1,2,2
participant453,1,5,4,4,2,4,10,3,10,10,10,2,1,5,1,10,1,6,5,1,4,5,2,4,4,2,2,4,4,5,5,5,3,1,1,4,3,5,4,2,5,5,5,4,3
participant454,2,9,4,9,9,3,2,3,3,6,6,9,3,8,5,3,2,8,3,4,5,5,2,2,1,2,1,1,4,1,3,1,2,5,5,2,2,5,3,1,2,1,5,1,2
participant455,10,3,10,5,5,5,4,9,7,3,5,9,1,1,4,6,10,6,4,2,5,5,2,5,2,3,2,4,3,2,2,4,4,3,2,2,1,2,5,2,2,4,5,2,5
participant456,7,10,5,2,3,3,3,2,5,3,4,10,6,6,5,3,2,8,5,3,2,3,1,5,1,4,2,5,1,5,1,3,5,3,1,2,3,1,4,1,4,2,4,5,2
participant457,1,5,1,9,5,6,6,4,3,9,2,10,8,10,10,9,6,1,1,3,5,3,3,4,1,2,2,1,2,2,5,4,1,5,1,4,1,1,3,5,5,2,5,3,1
participant458,10,2,5,8,10,10,2,1,4,6,1,6,7,7,4,3,5,6,4,2,4,4,2,2,5,2,2,5,5,4,4,2,1,3,3,4,3,5,2,3,1,4,1,4,1
participant459,9,10,8,8,6,3,7,3,7,1,6,5,1,9,5,3,8,6,3,5,2,2,4,1,5,2,3,5,3,2,3,2,3,4,2,2,4,2,5,4,1,2,2,4,1
participant460,7,3,9,10,6,6,1,7,7,1,8,5,9,9,3,1,3,5,3,4,2,2,1,1,4,1,1,5,4,3,3,4,2,3,3,2,3,2,5,4,4,5,2,1,4
participant461,1,7,10,1,5,8,3,6,10,6,1,8,10,4,3,3,4,3,1,1,1,3,4,3,4,3,4,3,2,1,3,5,1,4,2,1,4,5,5,4,2,3,5,3,4
participant462,3,4,6,3,1,9,1,9,5,6,9,1,1,7,10,7,6,4,1,2,2,2,1,4,2,5,1,2,5,1,3,1,1,3,2,3,3,2,5,3,4,3,2,4,5
participant463,2,10,1,7,6,1,5,7,7,9,2,1,5,2,4,8,9,7,5,2,1,3,2,1,1,2,4,4,2,3,5,2,4,4,2,5,3,4,2,2,4,5,5,2,1
participant464,7,8,10,5,6,5,1,8,7,4,9,6,5,2,7,5,2,3,5,5,2,1,1,4,5,4,1,4,5,1,1,1,1,4,5,5,2,2,1,3,1,4,1,2,2
participant465,7,1,6,3,2,6,8,2,8,10,6,7,6,5,5,10,5,4,3,1,5,3,5,4,2,5,5,2,1,5,4,1,1,4,4,4,5,2,4,1,4,1,3,4,1
participant466,1,1,1,7,8,4,2,6,6,6,2,4,9,6,1,5,5,7,5,5,4,4,3,4,2,1,2,2,3,1,1,4,1,2,2,3,4,3,5,2,5,4,3,2,4
participant467,1,10,10,2,5,4,4,5,5,2,6,8,9,2,7,7,1,3,5,3,3,2,1,5,2,4,4,2,4,2,5,1,2,3,3,5,3,3,4,1,3,4,3,4,4
participant468,5,6,2,1,8,5,4,7,9,4,6,5,9,2,2,7,2,4,4,1,4,5,4,1,3,5,5,4,3,3,2,4,5,4,1,5,5,3,5,2,4,3,5,1,3
participant469,3,7,10,3,2,6,8,3,3,8,3,3,2,5,5,8,5,2,1,4,3,1,3,5,1,3,4,5,2,4,5,2,1,3,1,1,2,3,4,4,3,2,1,1,3
participant470,2,3,7,4,5,2,2,6,3,7,2,6,7,7,3,2,8,3,3,2,3,5,3,3,3,1,5,3,3,5,3,4,1,5,3,1,4,5,4,5,3,2,2,1,5
participant471,7,1,8,10,6,6,6,10,2,9,7,2,3,8,4,5,6,10,2,5,5,5,4,2,2,1,1,2,3,4,3,3,1,3,3,4,1,2,4,1,3,5,4,4,2
participant472,4,4,8,8,7,10,1,10,7,10,5,1,5,5,5,10,3,9,2,2,1,3,5,2,1,1,2,1,3,5,3,1,5,4,5,1,5,2,2,2,2,3,3,4,3
participant473,9,2,7,4,4,3,10,1,5,10,4,4,9,10,1,4,3,7,3,1,4,4,1,4,5,2,1,2,3,4,1,1,1,5,2,1,2,5,1,5,4,1,3,3,5
participant474,1,8,2,9,2,3,4,7,3,10,10,1,6,3,2,7,2,9,1,1,2,3,5,5,3,1,4,2,2,5,4,5,5,5,3,3,2,4,5,3,3,3,3,2,3
participant475,7,10,1,7,7,7,5,8,6,8,9,10,5,2,8,5,4,10,3,2,4,5,2,5,5,2,5,4,4,3,4,2,1,3,3,5,3,2,5,3,2,4,1,4,3
participant476,6,2,7,5,6,5,4,9,10,4,7,5,7,7,3,9,5,9,5,3,4,2,5,2,4,1,3,5,4,5,4,5,2,3,5,4,2,4,1,5,5,5,5,2,1
participant477,2,2,7,2,7,7,2,3,8,10,5,5,4,5,4,4,10,1,4,3,1,4,4,5,5,3,1,3,1,4,2,2,5,2,5,3,5,4,4,1,3,4,5,3,3
participant478,6,1,7,10,3,7,4,4,7,10,4,3,10,5,3,1,9,8,5,4,3,1,1,1,1,2,5,5,4,3,5,5,4,3,1,4,4,4,5,4,5,2,3,2,4
participant479,9,2,10,3,6,1,4,4,9,5,5,5,7,1,7,3,1,2,4,1,4,5,2,4,2,2,2,3,1,4,1,2,4,3,2,2,3,4,5,1,2,2,4,1,3
participant480,4,7,4,4,9,6,5,2,10,9,3,6,8,8,8,7,6,2,5,3,4,3,1,4,3,5,4,2,1,1,2,1,1,4,2,1,5,3,3,4,1,3,5,2,2
participant481,8,5,5,6,10,2,10,10,8,4,1,6,10,9,9,7,8,3,4,2,4,5,5,5,3,1,3,5,1,5,3,3,3,2,5,5,2,2,5,5,3,1,3,5,2
participant482,5,1,6,4,6,9,6,5,8,8,7,1,1,4,10,3,9,4,5,1,3,2,5,5,5,2,5,3,5,1,1,5,2,1,1,5,2,1,3,5,3,1,5,4,5
participant483,1,9,8,5,3,1,4,9,3,1,5,9,10,4,2,5,5,10,3,4,1,1,4,5,2,2,1,4,1,1,1,5,3,5,3,2,1,1,3,5,1,2,1,2,1
participant484,1,3,9,9,1,1,2,5,4,5,10,6,10,10,6,10,9,8,5,3,1,3,1,2,3,3,1,1,1,3,3,2,3,4,4,4,5,3,5,5,2,3,1,5,5
participant485,4,6,6,7,7,4,6,1,2,3,5,6,10,10,5,5,5,4,3,1,4,3,3,5,1,2,2,2,2,5,2,5,2,2,2,1,3,3,1,5,4,5,3,3,5
participant486,1,3,5,6,8,7,6,7,3,3,5,9,6,4,4,7,4,6,2,2,1,3,2,3,1,2,1,4,2,4,2,5,2,1,1,4,3,2,4,3,3,4,1,2,3
participant487,4,10,4,8,10,7,10,6,7,1,1,6,10,8,3,8,5,10,4,4,5,5,4,3,2,1,2,4,2,2,2,4,5,4,2,5,5,5,5,1,5,5,4,4,1
participant488,6,8,9,3,8,1,3,6,2,1,8,6,2,8,6,2,3,1,1,4,5,1,1,2,2,3,3,2,4,5,1,1,5,5,1,1,3,1,1,3,5,4,3,1,2
participant489,9,5,8,8,6,4,9,8,4,8,4,1,4,2,4,8,10,8,3,2,3,1,1,3,1,4,2,3,2,2,1,4,5,2,5,1,2,3,5,4,4,3,1,2,4
participant490,9,8,9,4,7,8,3,3,1,6,1,1,3,3,7,6,8,1,4,5,2,5,5,4,5,3,2,3,4,4,1,5,3,2,3,5,3,4,5,4,5,3,2,2,2
participant491,2,9,3,3,7,9,3,6,2,4,6,2,2,9,2,7,9,5,4,5,4,3,1,1,1,3,5,4,4,2,1,5,2,4,5,5,4,2,1,2,5,4,4,4,3
participant492,3,7,9,8,5,3,3,5,7,6,4,4,8,5,1,1,8,7,5,4,3,1,5,1,3,2,3,1,2,2,4,5,5,3,4,2,2,3,4,1,3,5,2,1,2
participant493,9,5,8,5,3,8,10,3,1,2,9,10,1,3,4,8,5,7,5,1,3,1,2,4,3,5,5,1,4,3,4,4,1,1,4,5,1,5,5,2,5,1,1,4,5
participant494,6,3,4,7,2,7,10,10,2,7,4,6,2,10,6,8,10,10,3,3,4,3,3,1,1,2,1,2,1,5,3,4,5,2,3,4,1,1,2,5,2,1,4,3,4
participant495,8,4,9,3,5,5,10,5,5,6,8,7,10,5,9,10,10,4,5,3,1,4,5,1,2,3,5,1,3,2,3,5,1,1,5,1,3,2,1,4,4,1,4,2,3
participant496,6,5,4,4,10,10,7,7,5,3,3,1,3,2,10,1,6,8,1,5,1,1,2,2,1,5,4,5,1,5,4,2,4,5,3,5,5,4,5,5,1,2,4,2,2
participant497,2,8,9,10,6,8,3,7,8,3,2,8,8,7,6,3,4,1,3,3,4,2,2,2,3,4,2,3,5,3,2,5,3,1,1,2,4,4,1,2,3,3,3,2,2
participant498,10,6,7,4,5,7,8,7,8,2,9,4,3,1,7,6,10,2,4,3,4,1,3,5,2,3,4,3,4,1,1,4,2,4,5,5,2,4,4,3,1,2,3,5,3
participant499,2,8,8,3,4,1,4,9,9,3,7,9,5,7,3,1,3,8,5,2,4,4,2,4,1,5,1,5,1,3,1,2,1,4,5,1,5,2,1,4,4,4,4,3,1
participant500,3,7,4,5,8,1,4,7,7,5,4,1,8,2,6,5,8,8,5,3,5,3,5,2,2,2,4,5,4,1,2,5,1,3,1,2,4,1,4,1,2,4,5,4,1